1 -3.872560 0.000581 -0.238678 1.152821 15.196924 383.211737 0.000000 
1 -11314.701958 -0.000627 -0.462654 0.550808 2.088647 383.169321 0.000000 
1 -11272.792358 0.000007 0.175582 1.246424 10.894243 383.172329 0.000000 
1 2.632174 -0.000108 -0.315387 0.992052 4.980181 383.203062 0.000000 
1 -11282.616909 -0.000266 0.040008 0.402122 -1.174361 383.169304 0.000000 
1 -11273.254117 -0.000543 0.146188 1.253350 10.324377 383.216268 0.000000 
1 -11264.210379 0.000287 -0.138812 0.384627 8.480763 383.217581 0.000000 
1 0.248807 -0.000994 -0.582331 1.174491 7.060040 383.233646 0.000000 
1 -11267.046737 -0.000164 0.032400 0.576457 11.140167 383.192471 0.000000 
1 -2.183042 -0.000344 -0.170071 1.729029 2.201414 383.237090 0.000000 
1 -11279.499619 -0.000897 -0.127740 1.992630 19.490570 383.188912 -0.038836 
1 -11371.429318 -0.000605 -0.383661 0.088764 1.045636 383.222468 -0.038836 
1 -3.072723 0.000294 -0.691083 0.986579 15.302301 383.211025 -0.038836 
1 1.876772 0.000103 -0.185253 0.892946 6.576334 383.231714 -0.038836 
1 -0.278557 -0.001025 -0.242322 1.502035 5.492422 383.196462 -0.038836 
1 -5.103273 -0.000456 -0.045803 1.819250 4.187494 383.248711 -0.038836 
1 2.106869 -0.001078 -0.134014 0.430603 3.765085 383.209751 -0.038836 
1 -1.163584 -0.001190 -0.186273 0.273912 10.369786 383.246636 -0.038836 
1 -1.334969 -0.000171 -0.105552 1.490795 1.578278 383.211932 -0.038836 
1 -11311.631767 -0.001343 -0.310375 0.389495 5.133636 383.203196 -0.038836 
1 -28.984218 -0.000694 -0.539370 0.616816 1.115713 383.219674 -0.130707 
1 2.757000 0.000225 -0.340583 0.740604 2.454722 383.278123 -0.130707 
1 -11268.195086 0.000604 -0.039760 0.431052 6.960379 383.179265 -0.130707 
1 2.909947 -0.000449 -0.325536 0.599498 9.976998 383.195471 -0.130707 
1 -11269.971703 0.000072 -0.040139 0.336828 5.733349 383.199251 -0.130707 
1 -22606.045879 -0.001749 -0.020874 0.032411 -1.308449 383.178174 -0.130707 
1 -11262.688560 -0.000470 -0.728886 0.781032 4.688684 383.212497 -0.130707 
1 -11270.660538 -0.000891 -0.080312 1.103167 21.004435 383.186299 -0.130707 
1 -0.878931 -0.000763 -0.440254 1.223783 0.231676 383.213112 -0.130707 
1 2.041724 -0.001118 -0.115412 0.687683 1.094210 383.226256 -0.130707 
1 -9.155484 -0.000023 -0.545837 0.824301 -5.504161 383.213032 -0.142865 
1 0.747864 -0.001914 -0.459935 1.043694 2.725563 383.165494 -0.142865 
1 3.068843 -0.001225 -0.297245 0.695774 1.655318 383.206739 -0.142865 
1 -4.361419 -0.001001 -0.197002 1.425601 12.843645 383.206161 -0.142865 
1 -15.469645 -0.000026 -0.058439 2.648416 -7.239377 383.192307 -0.142865 
1 -11264.170980 0.000222 -0.618316 0.724273 10.304034 383.124581 -0.142865 
1 -7.424054 -0.000675 -0.529012 2.393677 12.557478 383.204476 -0.142865 
1 0.496067 -0.000467 -0.572545 1.225997 11.509324 383.175086 -0.142865 
1 -0.419039 -0.001748 -0.177391 1.205598 8.424888 383.155750 -0.142865 
1 -3.843493 -0.002222 -0.333168 1.917958 -0.577964 383.233037 -0.142865 
1 -11.025691 -0.000035 -0.505639 0.905867 -8.144104 383.214589 -0.176719 
1 2.086624 0.000093 -0.286321 0.863284 0.299933 383.174976 -0.176719 
1 -11.374952 -0.000704 0.289313 1.689267 -0.349154 383.165913 -0.176719 
1 -11272.631785 -0.000507 0.167050 0.731484 5.690166 383.195612 -0.176719 
1 2.857727 -0.001475 -0.278008 0.668458 9.859798 383.263529 -0.176719 
1 -10.621112 -0.000384 0.219466 1.589326 3.540747 383.223156 -0.176719 
1 -5.809933 -0.000421 0.130971 1.388405 1.734010 383.181163 -0.176719 
1 -11268.901142 0.000405 0.059176 0.426362 9.609632 383.154032 -0.176719 
1 -0.877627 -0.000807 -0.500668 0.713011 3.512628 383.237098 -0.176719 
1 -2.891767 0.000091 -0.149539 0.261582 7.361254 383.241116 -0.176719 
1 2.605949 0.000079 -0.328236 0.765473 1.720477 383.220520 -0.192853 
1 2.024371 -0.000019 -0.294692 0.865362 0.334874 383.251359 -0.192853 
1 -9.124230 -0.000659 0.226906 1.660537 -0.464575 383.167392 -0.192853 
1 -11266.195151 -0.001053 -0.123895 0.587863 12.094342 383.234085 -0.192853 
1 1.256984 -0.001055 -0.131296 1.002492 3.404040 383.205384 -0.192853 
1 -0.187376 -0.001868 -0.640172 1.139818 11.100035 383.156332 -0.192853 
1 -1.964683 -0.000962 -0.529629 0.717470 3.564206 383.191785 -0.192853 
1 -2.611214 -0.000470 -0.272956 1.054897 15.287050 383.209751 -0.192853 
1 2.375553 -0.001501 -0.368688 0.744774 2.468210 383.234872 -0.192853 
1 0.600072 -0.001645 -0.347018 0.475657 3.318543 383.172369 -0.192853 
1 0.238018 -0.001247 -0.224668 1.219814 8.486464 383.203670 -0.211373 
1 2.231780 0.000033 -0.265192 0.885041 0.663570 383.240248 -0.211373 
1 -2.984740 -0.000518 -0.016136 1.563032 0.132841 383.203857 -0.211373 
1 0.461057 -0.000370 -0.167142 1.262170 4.233062 383.175224 -0.211373 
1 -4.074712 -0.000559 -0.442395 2.030448 11.256617 383.202135 -0.211373 
1 0.527572 -0.000340 -0.399443 1.212998 1.782158 383.229725 -0.211373 
1 1.489870 0.000114 -0.107849 0.630120 4.327131 383.148634 -0.211373 
1 -11282.818176 -0.001820 -0.037696 2.275550 13.806444 383.221722 -0.211373 
1 -6.610415 -0.000509 -0.739262 1.288167 1.918596 383.195737 -0.211373 
1 -1.556082 0.000053 -0.112053 1.494371 4.072672 383.175798 -0.211373 
1 3.597102 0.000526 -0.223630 0.606447 6.373839 383.222340 -0.211390 
1 -2.089150 -0.001496 -0.046311 1.477667 1.669827 383.164531 -0.211390 
1 3.153365 -0.001651 -0.274190 0.692307 1.330053 383.193046 -0.211390 
1 -1.461023 -0.001087 -0.036752 0.612343 4.024670 383.160396 -0.211390 
1 1.043745 -0.001029 -0.128821 1.060430 2.547147 383.279104 -0.211390 
1 -3.960610 -0.000012 -0.072288 1.441629 8.299949 383.234175 -0.211390 
1 -6.093507 -0.000395 0.073098 0.942997 6.256018 383.174861 -0.211390 
1 -2.247262 -0.000710 -0.154307 1.395962 8.976796 383.223312 -0.211390 
1 -1.116934 -0.001676 -0.625960 1.350429 5.875663 383.233309 -0.211390 
1 -0.796594 -0.000701 -0.023633 0.895527 3.131163 383.167970 -0.211390 
1 -0.972233 -0.001411 -0.283390 1.670133 5.353500 383.171375 -0.271171 
1 3.348632 -0.001241 -0.221439 0.643299 0.949132 383.203633 -0.271171 
1 -10.196697 0.000636 -0.180975 1.963602 13.876803 383.224958 -0.271171 
1 -11314.056113 -0.000080 -0.538416 0.590657 3.691809 383.181712 -0.271171 
1 1.234716 -0.001055 -0.515666 0.984005 11.379501 383.225061 -0.271171 
1 -1.057906 0.000208 -0.474898 1.409500 13.963565 383.204956 -0.271171 
1 -11268.024963 -0.000604 -0.076601 0.512686 7.870776 383.178179 -0.271171 
1 -11314.522664 -0.001027 -0.351727 0.401404 5.168170 383.248320 -0.271171 
1 -3.367000 -0.001128 -0.083336 1.755704 0.323742 383.272421 -0.271171 
1 1.035540 -0.000615 -0.468826 0.965570 13.109657 383.197334 -0.271171 
1 -0.972233 -0.001411 -0.283390 1.670133 5.353500 383.171375 -0.285748 
1 -10.851261 -0.001445 -0.409990 1.766412 20.597477 383.242178 -0.285748 
1 -1.004141 -0.000608 -0.041020 1.237683 -0.887036 383.198597 -0.285748 
1 1.583024 0.000204 -0.108039 0.460021 1.055874 383.220650 -0.285748 
1 2.211299 -0.000295 -0.125299 0.696097 0.910246 383.155486 -0.285748 
1 -11258.578488 0.000053 -0.628709 1.056013 -4.862301 383.254388 -0.285748 
1 -2.343535 -0.000779 -0.504024 0.946278 -0.699414 383.142323 -0.285748 
1 2.102024 -0.000950 -0.127490 0.691375 3.758694 383.217632 -0.285748 
1 -5.004866 -0.000520 0.078049 1.220350 4.481160 383.233737 -0.285748 
1 1.570036 -0.001016 -0.405014 1.241947 7.378635 383.203384 -0.285748 
1 -2.189530 -0.000844 -0.081832 1.172467 8.086913 383.182432 -0.285850 
1 -3.894947 -0.000920 -0.358932 0.442030 5.497764 383.170182 -0.285850 
1 -10.811003 -0.000514 -0.658624 1.669278 -3.049480 383.169762 -0.285850 
1 -8.872016 -0.001113 -0.067459 1.575072 12.803952 383.192423 -0.285850 
1 -1.273341 -0.000318 -0.177668 0.733221 12.801218 383.224009 -0.285850 
1 -33.775278 -0.000626 -0.530643 0.635370 0.113013 383.230051 -0.285850 
1 1.994523 -0.001232 -0.119165 0.450650 0.073750 383.179000 -0.285850 
1 -0.207211 -0.000060 -0.468513 1.572628 9.220954 383.237183 -0.285850 
1 -1.262855 -0.000405 0.003156 1.062770 1.067486 383.131820 -0.285850 
1 -1.790063 -0.001425 -0.448538 0.813818 -1.653201 383.197301 -0.285850 
1 -2.189530 -0.000844 -0.081832 1.172467 8.086913 383.182432 -0.285911 
1 1.015180 -0.001757 -0.160344 1.012790 -1.067654 383.186733 -0.285911 
1 0.737273 -0.000758 -0.555211 1.121178 7.184045 383.183523 -0.285911 
1 -8.655698 -0.001102 -0.079297 1.573172 12.954951 383.193261 -0.285911 
1 -1.273341 -0.000318 -0.177668 0.733221 12.801218 383.224009 -0.285911 
1 -8.198693 -0.000502 0.096486 1.677692 5.350427 383.194412 -0.285911 
1 -6.660673 -0.001911 -0.478906 1.052068 -5.473160 383.191252 -0.285911 
1 -7.300961 -0.000964 -0.383638 0.584639 -8.355436 383.205805 -0.285911 
1 -1.311127 -0.000693 -0.032024 1.204668 3.067670 383.233089 -0.285911 
1 3.227837 -0.000914 -0.259339 0.748649 2.151182 383.186169 -0.285911 
1 1.085067 0.000354 -0.271869 1.165530 8.539470 383.211474 -0.285924 
1 0.713952 -0.000927 -0.223623 0.517076 12.893828 383.162459 -0.285924 
1 1.170278 0.000091 -0.524158 1.135756 10.528922 383.196424 -0.285924 
1 3.311383 -0.001147 -0.227865 0.732161 2.446582 383.194125 -0.285924 
1 -0.204797 -0.000658 -0.178273 1.113537 -2.890278 383.214795 -0.285924 
1 -10.865025 -0.000529 0.103484 1.857317 6.816887 383.198104 -0.285924 
1 0.312925 -0.001307 -0.321785 1.131591 11.879547 383.141412 -0.285924 
1 1.357786 0.000018 -0.257436 1.225638 5.478538 383.156843 -0.285924 
1 -0.134092 -0.001423 -0.104503 1.128466 5.250408 383.207773 -0.285924 
1 -3.413737 0.000669 -0.552636 0.789564 0.721354 383.167691 -0.285924 
1 -2.070436 -0.000796 -0.397615 1.839919 8.941830 383.261513 -0.285977 
1 -1.428174 -0.000753 0.006375 1.133991 0.248236 383.191401 -0.285977 
1 2.058867 -0.001018 -0.141364 0.813716 0.660194 383.201677 -0.285977 
1 2.394169 -0.001142 -0.160349 0.779613 4.475809 383.203916 -0.285977 
1 -10.816252 -0.000487 -0.019889 1.860551 11.059040 383.157241 -0.285977 
1 -8.211173 -0.001878 0.164902 0.834925 -0.364963 383.223402 -0.285977 
1 0.285848 -0.000889 -0.568512 1.002180 12.861714 383.252565 -0.285977 
1 -2.951563 0.000343 -0.784785 1.339477 16.246990 383.261499 -0.285977 
1 -9.053055 -0.000853 -0.615661 0.826877 -2.992899 383.221977 -0.285977 
1 2.625788 -0.001370 -0.413926 0.772261 6.948014 383.209005 -0.285977 
1 -1.496230 -0.000837 -0.414735 1.718340 10.085040 383.259795 -0.332082 
1 -6.707723 -0.001165 -0.166035 1.729529 -7.259276 383.236841 -0.332082 
1 -2.576067 -0.000368 -0.356340 1.658775 -0.793698 383.260877 -0.332082 
1 -12.638892 -0.001159 -0.898162 0.974094 11.034463 383.163877 -0.332082 
1 -11372.413248 -0.000515 -0.469301 0.132606 6.237728 383.202404 -0.332082 
1 1.490992 -0.001115 -0.203281 1.128825 2.660598 383.211228 -0.332082 
1 0.987096 -0.000862 -0.089976 0.549103 3.018957 383.207230 -0.332082 
1 -11267.560571 -0.000288 -0.087872 0.696383 12.634720 383.243996 -0.332082 
1 3.582401 -0.000294 -0.252972 0.723055 4.603038 383.179871 -0.332082 
1 -2.747375 -0.000589 -0.045148 1.061689 7.932216 383.217338 -0.332082 
1 -6.127494 -0.000645 -0.136343 1.893724 8.628672 383.227047 -0.332126 
1 -8.801116 -0.000112 -0.423758 2.419858 11.800447 383.267764 -0.332126 
1 -0.020439 -0.000047 -0.337759 1.412525 9.641104 383.185602 -0.332126 
1 -2.404132 -0.000453 -0.125521 1.032510 -6.855550 383.230883 -0.332126 
1 -0.647859 -0.000229 -0.299738 1.517496 0.952930 383.219218 -0.332126 
1 0.261613 -0.000279 -0.323812 0.836487 -2.359349 383.182551 -0.332126 
1 1.601148 0.001062 -0.281621 0.987945 0.257069 383.148970 -0.332126 
1 -6.575413 -0.000444 -0.511353 0.712022 -3.839586 383.257483 -0.332126 
1 -5.636283 -0.001545 -0.421209 2.023497 -1.065476 383.245391 -0.332126 
1 1.482512 -0.000434 -0.223376 1.002907 -0.208288 383.231942 -0.332126 
1 -0.626602 -0.000122 -0.081554 0.593155 6.660884 383.153917 -0.332210 
1 -5.503898 0.000519 0.060087 1.270289 6.060387 383.216955 -0.332210 
1 2.061840 -0.000572 -0.305713 1.123111 5.806723 383.209647 -0.332210 
1 2.394996 -0.000034 -0.436453 0.890087 7.255222 383.291601 -0.332210 
1 2.034164 -0.000637 -0.237264 0.860942 8.779919 383.228987 -0.332210 
1 -5.362830 -0.000507 -0.069890 1.483720 9.794987 383.152041 -0.332210 
1 -1.854024 -0.000326 -0.465384 0.603149 7.812414 383.222744 -0.332210 
1 -0.146731 -0.000584 -0.098509 1.131306 4.882351 383.195848 -0.332210 
1 -4.652215 0.000402 -0.116868 1.669419 8.603968 383.190270 -0.332210 
1 -14.060479 -0.000345 -0.130374 0.187370 -1.478385 383.214026 -0.332210 
1 0.751712 -0.000712 -0.166709 0.804295 9.131597 383.224686 -0.332305 
1 -1.008019 -0.000070 -0.268428 0.759169 15.145405 383.229204 -0.332305 
1 -0.674703 -0.001015 -0.051739 0.507915 -0.805182 383.240607 -0.332305 
1 -0.176876 -0.000127 -0.433407 0.597625 9.143694 383.231275 -0.332305 
1 0.925178 0.000170 -0.250981 1.063239 -0.810779 383.187877 -0.332305 
1 -4.617825 0.000617 -0.144991 1.991785 -0.195591 383.196841 -0.332305 
1 -11.496146 -0.001224 -0.810267 1.659523 0.279129 383.204663 -0.332305 
1 -7.886870 -0.000100 -0.161172 2.112750 8.753952 383.207830 -0.332305 
1 2.754344 0.000504 -0.331524 0.938144 4.384571 383.169031 -0.332305 
1 -2.376148 -0.000118 -0.280946 1.541215 -2.328814 383.230908 -0.332305 
1 -0.295693 -0.000195 -0.243390 1.462334 6.772026 383.159728 -0.332419 
1 -2.887080 -0.000037 -0.010810 0.891211 6.649750 383.226546 -0.332419 
1 -1.859051 -0.000257 -0.569807 1.033887 2.080253 383.193099 -0.332419 
1 -6.501385 -0.000759 0.127661 0.880526 1.897220 383.218501 -0.332419 
1 -0.464290 0.000072 -0.249842 1.450496 7.737124 383.225691 -0.332419 
1 -1.188222 -0.000950 -0.010087 1.166535 0.163462 383.183351 -0.332419 
1 0.029857 -0.000326 -0.104642 1.023656 -2.773699 383.186429 -0.332419 
1 -5.518959 -0.000113 -0.169636 1.892514 8.782414 383.207939 -0.332419 
1 -4.227828 -0.000893 -0.548752 1.947935 14.357710 383.219154 -0.332419 
1 -5.624948 -0.000031 -0.032826 1.423198 9.249427 383.224413 -0.332419 
1 1.519113 -0.001343 -0.167588 1.059150 2.541763 383.172578 -0.332509 
1 -1.837792 -0.000800 -0.049499 0.743801 7.128545 383.212070 -0.332509 
1 -1.336987 -0.000320 -0.345730 0.582163 -4.050639 383.237836 -0.332509 
1 -6.361730 -0.000760 0.126328 0.882236 1.785804 383.218321 -0.332509 
1 -1.711843 -0.000558 -0.296093 1.426613 -2.082627 383.194069 -0.332509 
1 -11.671465 -0.001034 -0.539610 0.677631 -6.692137 383.213120 -0.332509 
1 1.041669 -0.000945 -0.078963 0.684645 2.302438 383.188245 -0.332509 
1 -1.324033 -0.001487 -0.411698 0.531773 4.808675 383.235919 -0.332509 
1 1.617003 -0.000165 -0.206566 0.493392 10.988424 383.170915 -0.332509 
1 -2.489428 -0.000206 -0.050792 0.853291 8.334293 383.204248 -0.332509 
1 -2.041847 -0.000958 -0.023930 0.522804 -1.659480 383.185526 -0.332471 
1 1.683864 -0.000745 -0.179559 0.921630 6.521978 383.228038 -0.332471 
1 -2.412325 -0.000725 -0.470488 1.387370 -0.420933 383.244727 -0.332471 
1 2.251825 -0.000154 -0.263532 1.051249 4.917827 383.183388 -0.332471 
1 -1.577422 -0.001134 -0.103692 1.526496 0.794628 383.181631 -0.332471 
1 3.196031 -0.000723 -0.185174 0.611133 0.454854 383.177120 -0.332471 
1 2.963514 -0.000820 -0.359061 0.858822 7.939362 383.243396 -0.332471 
1 2.660676 -0.000012 -0.394240 0.790148 9.560532 383.215458 -0.332471 
1 0.416941 -0.000261 -0.275303 0.364219 3.685686 383.222054 -0.332471 
1 2.453500 -0.000024 -0.327929 0.531588 2.176515 383.212654 -0.332471 
1 -4.140280 0.000549 -0.348418 0.432101 -4.099231 383.287456 -0.332527 
1 2.337900 -0.000755 -0.199983 0.901287 5.370450 383.221549 -0.332527 
1 0.452494 -0.001028 -0.175999 1.293281 2.141352 383.240156 -0.332527 
1 -8.727954 -0.000751 0.236992 1.294674 0.220924 383.228322 -0.332527 
1 -1.577422 -0.001134 -0.103692 1.526496 0.794628 383.181631 -0.332527 
1 1.789771 -0.000607 -0.441265 1.146014 8.634887 383.166832 -0.332527 
1 2.640374 -0.000733 -0.372362 0.929094 8.593205 383.244824 -0.332527 
1 3.203647 -0.000565 -0.274120 0.835668 4.383469 383.149333 -0.332527 
1 -4.363302 0.000362 -0.342543 1.697515 13.855264 383.185324 -0.332527 
1 -5.720132 -0.000806 -0.571243 0.785434 -1.164630 383.197551 -0.332527 
1 -6.441841 -0.000234 -0.559898 2.242604 14.059005 383.175189 -0.332616 
1 -2.182063 0.000192 -0.477500 1.626014 1.562537 383.244125 -0.332616 
1 1.682619 -0.000741 -0.245909 1.150683 3.624438 383.235324 -0.332616 
1 1.748986 -0.001190 -0.407478 0.626554 5.704368 383.248533 -0.332616 
1 -2.585709 -0.000791 -0.341422 1.181544 15.854479 383.194694 -0.332616 
1 2.362519 -0.000741 -0.266720 0.493075 11.274906 383.236359 -0.332616 
1 -0.850977 -0.000890 -0.589358 0.911036 5.826683 383.167580 -0.332616 
1 -8.423244 -0.000205 -0.174033 1.495882 15.752502 383.216344 -0.332616 
1 -1.610191 0.000505 -0.332992 0.421108 4.678420 383.256391 -0.332616 
1 -5.841662 -0.000832 -0.574869 0.771812 -0.950472 383.195794 -0.332616 
1 2.231913 -0.000448 -0.331247 0.880225 10.425922 383.187585 -0.332628 
1 -2.552864 -0.000494 -0.269448 0.880130 16.167497 383.199614 -0.332628 
1 -5.968620 -0.000263 0.021555 1.147971 8.861935 383.221379 -0.332628 
1 2.858897 0.000250 -0.287909 0.881319 3.070806 383.186336 -0.332628 
1 -1.155789 -0.001991 -0.494875 1.362144 1.797149 383.225084 -0.332628 
1 0.154620 -0.002216 -0.210455 1.245909 7.851612 383.210752 -0.332628 
1 1.619192 -0.000708 -0.480734 0.866744 6.272407 383.171868 -0.332628 
1 3.344779 -0.001479 -0.338045 0.710410 7.957257 383.192033 -0.332628 
1 -3.658264 -0.000719 -0.574975 0.839356 17.948196 383.160285 -0.332628 
1 0.088601 0.000033 -0.279434 1.221420 10.389797 383.205938 -0.332628 
1 -0.997603 -0.000917 -0.043361 1.234554 -1.117257 383.240301 -0.332758 
1 -0.590457 -0.000575 -0.208596 0.879346 12.255109 383.209886 -0.332758 
1 -3.144820 0.000054 -0.551002 1.745680 2.550492 383.217321 -0.332758 
1 2.672011 -0.001604 -0.202762 0.714843 -0.279434 383.225293 -0.332758 
1 1.415728 -0.000474 -0.268597 1.229673 3.929478 383.232146 -0.332758 
1 -5.418209 -0.000620 -0.232557 0.695557 -10.379325 383.204739 -0.332758 
1 1.401707 -0.000792 -0.499227 0.893282 6.621327 383.178894 -0.332758 
1 -9.563441 0.000388 -0.060731 0.424462 11.881461 383.226007 -0.332758 
1 -2.290283 -0.000207 -0.417111 0.526286 5.671359 383.183993 -0.332758 
1 -5.703819 0.000153 -0.045019 1.300914 -9.395799 383.197722 -0.332758 
1 -2.444943 -0.001236 -0.099842 0.934861 10.395684 383.192901 -0.332848 
1 0.592248 -0.000567 -0.096548 1.045761 2.826295 383.222921 -0.332848 
1 -4.972465 -0.000030 -0.599497 1.928438 2.486751 383.222414 -0.332848 
1 1.821557 -0.001483 -0.196677 0.754468 -1.986342 383.225355 -0.332848 
1 -1.030695 -0.001011 -0.161626 1.539043 2.033222 383.231929 -0.332848 
1 -5.333152 -0.000721 -0.256187 0.305761 7.875193 383.180770 -0.332848 
1 0.348212 -0.000212 -0.553928 1.284721 6.649769 383.221696 -0.332848 
1 2.323129 -0.000323 -0.416847 0.948461 5.416799 383.233340 -0.332848 
1 2.230357 -0.000421 -0.391833 0.633173 5.187475 383.191844 -0.332848 
1 -1.876638 -0.001725 -0.568730 0.762048 7.053870 383.233559 -0.332848 
1 -0.691794 0.000268 -0.503514 1.636232 5.944494 383.215604 -0.332990 
1 0.299415 -0.001770 -0.110617 1.147680 3.694676 383.166545 -0.332990 
1 -2.346087 -0.000163 -0.531973 1.952759 8.447903 383.205127 -0.332990 
1 -1.157395 -0.000791 -0.243632 1.350531 -2.267868 383.231625 -0.332990 
1 1.096885 -0.000530 -0.520474 1.128516 6.700303 383.205693 -0.332990 
1 -5.333152 -0.000721 -0.256187 0.305761 7.875193 383.180770 -0.332990 
1 -3.527950 -0.000459 -0.164262 0.302710 12.554162 383.199223 -0.332990 
1 1.203879 -0.001118 -0.420717 0.733623 2.195446 383.181713 -0.332990 
1 -2.437560 0.000320 -0.362634 0.959065 17.431581 383.175827 -0.332990 
1 -0.846930 0.000030 -0.294909 1.445013 -0.423985 383.201157 -0.332990 
1 3.013765 -0.000575 -0.180469 0.624770 0.047887 383.192617 -0.333028 
1 1.342204 -0.001183 -0.436278 1.029111 12.109079 383.211087 -0.333028 
1 -1.190306 -0.000279 -0.638050 1.591167 8.441369 383.205544 -0.333028 
1 0.856442 -0.000856 -0.169236 1.026144 -1.405305 383.222751 -0.333028 
1 -5.163660 -0.000766 -0.133983 1.246333 13.128733 383.237009 -0.333028 
1 1.541208 -0.000432 -0.230034 0.743906 10.623979 383.238569 -0.333028 
1 -1.285849 -0.000278 -0.523133 1.521422 3.365654 383.224713 -0.333028 
1 0.180389 -0.001120 -0.454615 0.827937 1.318436 383.171563 -0.333028 
1 -0.485646 -0.001444 -0.375991 0.574525 -1.458122 383.224738 -0.333028 
1 -2.429306 -0.000427 -0.473828 0.666709 15.460819 383.276450 -0.333028 
1 -0.240677 -0.000558 -0.408002 1.269213 0.881688 383.266827 -0.333168 
1 -4.806807 -0.000902 0.105073 0.896135 -6.943930 383.281633 -0.333168 
1 1.542961 0.000277 -0.104480 0.707659 -1.147901 383.132123 -0.333168 
1 0.190891 -0.000168 -0.551917 1.241702 13.003096 383.189707 -0.333168 
1 -3.168467 -0.000243 -0.083819 1.349442 8.331296 383.240690 -0.333168 
1 0.849892 -0.000426 -0.223387 0.859495 10.718841 383.226366 -0.333168 
1 1.614803 -0.001503 -0.119019 0.741841 -1.362486 383.229099 -0.333168 
1 -1.816150 -0.000124 -0.385179 0.688291 -3.540035 383.153328 -0.333168 
1 -4.495467 -0.001888 -0.093606 1.584613 8.480655 383.247477 -0.333168 
1 -2.688382 -0.000495 -0.251994 0.826844 16.163971 383.192676 -0.333168 
1 -0.951502 -0.000509 -0.406814 1.397432 0.531645 383.260527 -0.333250 
1 3.641637 -0.001168 -0.175731 0.451647 2.740727 383.221817 -0.333250 
1 2.238202 -0.001081 -0.162856 0.769035 5.554778 383.285287 -0.333250 
1 0.050423 -0.000987 -0.418172 0.762660 -0.124653 383.225354 -0.333250 
1 -1.402750 -0.001574 -0.308132 1.285257 -2.472828 383.207975 -0.333250 
1 -8.018320 -0.001277 -0.527895 2.479791 11.796299 383.214063 -0.333250 
1 -1.248337 -0.000582 -0.374949 0.482543 5.356167 383.212178 -0.333250 
1 -4.003961 -0.000561 -0.437073 2.134885 8.664759 383.229655 -0.333250 
1 0.197988 -0.000360 -0.381704 0.577774 -0.009980 383.192909 -0.333250 
1 1.815269 -0.000472 -0.218392 1.023951 6.339139 383.246193 -0.333250 
1 -3.849479 -0.000934 -0.211506 0.953823 15.571517 383.196975 -0.333418 
1 3.398162 -0.001006 -0.213695 0.362744 5.384587 383.157894 -0.333418 
1 0.782200 -0.001817 -0.416621 1.411638 7.635117 383.208465 -0.333418 
1 2.667743 -0.000119 -0.294563 0.644403 10.730523 383.217270 -0.333418 
1 -12.577021 -0.000259 0.129867 2.248732 1.195771 383.170215 -0.333418 
1 3.486035 -0.001024 -0.242833 0.707407 2.727801 383.192780 -0.333418 
1 -8.154546 -0.000824 -0.315562 0.378380 14.856402 383.255737 -0.333418 
1 1.290925 -0.000476 -0.240890 0.564588 12.465941 383.237689 -0.333418 
1 3.153587 -0.000211 -0.318809 0.635717 9.440713 383.187515 -0.333418 
1 1.933124 -0.000038 -0.195381 0.704919 -2.195839 383.187747 -0.333418 
1 2.102976 -0.001248 -0.120186 0.708416 1.358706 383.203573 -0.334195 
1 1.461547 -0.001183 -0.148150 1.021007 2.168554 383.214229 -0.334195 
1 0.412950 0.000078 -0.052346 0.780824 1.374418 383.193405 -0.334195 
1 -2.118263 -0.000127 -0.331483 1.880337 5.276808 383.220787 -0.334195 
1 -11.397547 -0.000302 0.122202 2.176996 1.026644 383.154078 -0.334195 
1 -7.745643 -0.001067 0.222589 1.352093 -0.932571 383.210703 -0.334195 
1 -4.701080 -0.000541 -0.566270 0.782050 -0.166311 383.158464 -0.334195 
1 -3.789484 -0.000035 -0.092815 0.937452 11.686965 383.203955 -0.334195 
1 -4.387101 -0.000166 0.035640 1.112009 6.195693 383.153557 -0.334195 
1 -6.188013 -0.000469 -0.167529 1.981321 8.486200 383.126448 -0.334195 
1 -4.878861 -0.000942 -0.161990 1.797513 8.840153 383.210794 -0.335271 
1 3.889125 -0.001145 -0.275775 0.523467 6.301491 383.255008 -0.335271 
1 -2.555140 -0.001204 -0.470168 0.612139 1.208577 383.191475 -0.335271 
1 -3.650172 -0.000206 -0.259949 0.316534 14.891612 383.274106 -0.335271 
1 1.603112 -0.000188 -0.096987 0.645181 2.008890 383.176829 -0.335271 
1 1.489228 -0.000919 -0.247533 0.480226 12.516297 383.215650 -0.335271 
1 -4.504276 -0.000197 -0.301403 0.369460 11.642606 383.256883 -0.335271 
1 -2.857854 -0.000928 -0.647152 1.752075 14.939031 383.183516 -0.335271 
1 -1.616413 -0.000373 -0.028071 1.181908 4.040293 383.249455 -0.335271 
1 -2.031460 -0.000029 -0.414772 1.902765 6.963623 383.219114 -0.335271 
1 1.045202 -0.000288 -0.532323 0.919618 7.978063 383.140191 -0.338799 
1 2.175372 -0.000357 -0.454292 0.972071 7.780815 383.163206 -0.338799 
1 1.193940 -0.001105 -0.086023 0.565982 1.206093 383.229222 -0.338799 
1 -28.680818 -0.000206 -0.240039 0.291164 14.634563 383.286131 -0.338799 
1 -4.164077 -0.000732 -0.351637 1.322399 16.789088 383.181296 -0.338799 
1 -4.728276 0.000260 0.035111 1.006510 -9.304341 383.232412 -0.338799 
1 -9.739509 -0.000445 -0.110139 0.262546 6.200059 383.253614 -0.338799 
1 -2.914691 0.000574 -0.082030 1.047073 9.826439 383.206175 -0.338799 
1 -8.857823 -0.001042 -0.363102 2.285602 12.786043 383.210244 -0.338799 
1 -8.200873 -0.000178 -0.117966 2.247650 4.587448 383.238921 -0.338799 
1 -1.079748 -0.000536 -0.482499 1.712539 5.346821 383.215016 -0.345029 
1 -0.451674 -0.001329 -0.441114 1.559177 3.882846 383.207296 -0.345029 
1 0.130586 -0.000984 -0.168905 1.305159 4.962327 383.205601 -0.345029 
1 -4.043234 -0.000545 -0.002772 1.638984 2.464431 383.168787 -0.345029 
1 -1.702339 0.000407 0.014222 1.102785 -2.927007 383.199584 -0.345029 
1 -3.294311 -0.001293 0.090817 1.088566 -2.684764 383.234758 -0.345029 
1 -19.294039 -0.000443 -0.109332 0.233482 6.214012 383.246384 -0.345029 
1 2.288614 -0.000637 -0.251746 0.912906 1.047705 383.176893 -0.345029 
1 -8.244244 -0.001170 -0.690889 1.222667 -1.124055 383.173290 -0.345029 
1 3.273025 -0.000309 -0.216109 0.369738 6.686179 383.255098 -0.345029 
1 -5.797965 -0.000180 -0.056858 0.966828 12.281481 383.256756 -0.360389 
1 -1.129052 -0.001279 -0.414109 1.702789 3.643904 383.211707 -0.360389 
1 2.648264 -0.000225 -0.281214 0.877848 8.165468 383.165007 -0.360389 
1 -30.235753 -0.000353 0.331356 0.924111 11.267821 383.193113 -0.360389 
1 -4.925814 0.000256 0.088298 1.437587 2.132222 383.183771 -0.360389 
1 -3.223954 -0.001290 0.088274 1.084120 -2.639338 383.235289 -0.360389 
1 0.555147 -0.000369 -0.186806 0.624251 11.267095 383.182268 -0.360389 
1 0.244762 -0.001134 -0.539485 1.166585 4.934226 383.232834 -0.360389 
1 -12.257462 -0.001018 0.379454 1.464120 -6.036434 383.184028 -0.360389 
1 -5.167241 0.000181 -0.039479 1.715815 5.885338 383.218151 -0.360389 
1 0.020718 -0.001238 -0.484715 1.544173 7.140407 383.198454 -0.388782 
1 -7.145307 -0.001358 -0.251188 1.284776 -9.132789 383.220175 -0.388782 
1 0.228679 -0.000202 -0.137640 0.792596 8.769033 383.177116 -0.388782 
1 3.337800 -0.000355 -0.258299 0.778597 5.737047 383.195151 -0.388782 
1 -4.925814 0.000256 0.088298 1.437587 2.132222 383.183771 -0.388782 
1 -8.343255 -0.000158 0.048071 1.923964 4.494527 383.242956 -0.388782 
1 2.291600 0.000993 -0.345658 0.550001 9.744637 383.201733 -0.388782 
1 -13.149594 -0.000259 -0.597877 2.173863 -3.412591 383.193477 -0.388782 
1 0.390102 -0.000541 -0.245889 0.503511 14.014803 383.234563 -0.388782 
1 -1.980553 -0.001119 -0.068882 1.326405 -3.840538 383.233764 -0.388782 
1 2.121771 -0.000451 -0.420173 0.721260 9.986664 383.148902 -0.394271 
1 1.738923 -0.001480 -0.432688 0.852941 3.648654 383.227405 -0.394271 
1 -5.419265 -0.000617 0.156226 1.078131 -5.852188 383.170792 -0.394271 
1 2.620160 -0.000328 -0.417913 0.798669 7.754721 383.177106 -0.394271 
1 -0.536840 -0.000945 -0.487990 1.656188 7.113883 383.152722 -0.394271 
1 -1.356161 -0.001213 -0.429832 0.565471 2.355525 383.197800 -0.394271 
1 1.835954 -0.000026 -0.173357 0.784183 7.298914 383.249002 -0.394271 
1 -2.960531 -0.000719 -0.168489 1.584283 8.576846 383.202338 -0.394271 
1 0.371301 -0.000558 -0.261026 0.486249 14.357443 383.235618 -0.394271 
1 -2.200303 -0.000540 -0.250160 1.251402 -4.416820 383.214427 -0.394271 
1 3.892927 -0.000998 -0.215694 0.574502 4.226829 383.196995 -0.372557 
1 -5.572986 -0.000225 -0.286528 1.710334 13.953535 383.258899 -0.372557 
1 1.680408 -0.000844 -0.214642 0.950070 7.792871 383.241440 -0.372557 
1 2.850859 -0.000318 -0.391680 0.719681 6.890400 383.160376 -0.372557 
1 3.042231 -0.001008 -0.302523 0.863957 3.957205 383.212211 -0.372557 
1 3.589080 -0.001678 -0.199659 0.461134 6.206268 383.186781 -0.372557 
1 -1.628189 -0.001767 -0.581266 0.824720 5.299718 383.163502 -0.372557 
1 2.045050 -0.002068 -0.310180 0.849580 10.822473 383.230150 -0.372557 
1 2.962686 -0.000940 -0.270687 0.876083 6.146529 383.236223 -0.372557 
1 -2.099711 0.000100 -0.022110 0.607580 3.579875 383.167339 -0.372557 
1 3.872118 -0.001040 -0.212144 0.567802 4.374927 383.196608 -0.367633 
1 1.205335 -0.000667 -0.285049 1.199457 1.759174 383.225593 -0.367633 
1 3.420803 -0.001208 -0.251901 0.731865 6.249548 383.227560 -0.367633 
1 -9.933942 -0.001050 -0.228358 1.763907 -9.384810 383.192893 -0.367633 
1 2.271992 -0.000411 -0.237620 0.341159 4.994093 383.186187 -0.367633 
1 -2.342542 0.000134 -0.157287 1.734041 2.696144 383.165985 -0.367633 
1 3.695638 -0.001620 -0.294404 0.571437 7.395787 383.205811 -0.367633 
1 0.396617 0.000155 -0.330732 1.247577 0.618874 383.194166 -0.367633 
1 0.941962 -0.000132 -0.091713 0.920994 2.684431 383.159761 -0.367633 
1 -0.064448 0.000405 -0.455807 0.846654 0.940168 383.221673 -0.367633 
1 2.588088 -0.000784 -0.140602 0.644767 3.130156 383.187708 -0.338682 
1 -1.602455 -0.000267 -0.041826 1.382828 0.915540 383.204101 -0.338682 
1 0.553135 0.000020 -0.261627 1.035786 10.873015 383.242420 -0.338682 
1 2.216162 0.000007 -0.358976 1.009454 3.598287 383.226345 -0.338682 
1 2.301469 -0.000341 -0.225079 0.988030 3.443543 383.241535 -0.338682 
1 3.944219 -0.000348 -0.240668 0.602203 4.797091 383.168644 -0.338682 
1 0.596762 0.000157 -0.400819 1.123591 1.295393 383.193592 -0.338682 
1 1.159510 -0.001087 -0.521964 1.121237 10.917485 383.191591 -0.338682 
1 1.115957 -0.000471 -0.312559 1.061036 10.788131 383.211638 -0.338682 
1 2.693019 -0.001270 -0.316888 0.963294 4.420757 383.260017 -0.338682 
1 -1.384442 -0.000387 -0.366436 1.644380 1.394909 383.183962 -0.336965 
1 -0.530544 -0.000470 -0.219466 1.415953 -0.364292 383.185933 -0.336965 
1 0.836527 0.000291 -0.327342 0.898169 -1.117914 383.199388 -0.336965 
1 1.201169 -0.000572 -0.283101 0.465910 -2.437124 383.217950 -0.336965 
1 -8.215800 -0.000379 -0.640169 1.119580 -2.524960 383.233022 -0.336965 
1 0.406569 -0.001103 -0.125419 1.161053 4.037368 383.195811 -0.336965 
1 3.202950 -0.001234 -0.206115 0.744477 3.375344 383.186759 -0.336965 
1 1.909964 -0.000753 -0.329213 0.886920 11.112569 383.191946 -0.336965 
1 2.961178 -0.000068 -0.349615 0.804733 8.904674 383.224984 -0.336965 
1 -0.941813 -0.001062 -0.557865 1.188281 3.192064 383.213490 -0.336965 
1 3.386230 -0.000044 -0.186078 0.529007 0.083323 383.178237 -0.330655 
1 -4.257833 -0.000266 -0.491932 1.977323 1.614021 383.198556 -0.330655 
1 1.032135 -0.000805 -0.483147 0.754721 6.702702 383.184255 -0.330655 
1 1.019618 -0.000244 -0.276640 1.320458 4.815209 383.205704 -0.330655 
1 -8.447570 -0.000311 -0.717955 1.017689 0.112475 383.231965 -0.330655 
1 2.255532 -0.000006 -0.217213 0.987698 3.537811 383.231459 -0.330655 
1 2.775549 -0.000355 -0.155271 0.485267 -1.342244 383.172942 -0.330655 
1 1.641492 -0.001839 -0.217283 1.018155 7.109034 383.189605 -0.330655 
1 2.241840 0.000176 -0.372313 0.868490 10.861900 383.202458 -0.330655 
1 1.081806 -0.001102 -0.133817 1.039767 3.833790 383.247976 -0.330655 
1 0.890544 -0.000458 -0.332700 1.159437 0.911185 383.199796 -0.316683 
1 0.967021 -0.000829 -0.312935 1.346160 6.316905 383.229787 -0.316683 
1 -1.355121 -0.000791 -0.545723 0.741827 6.972276 383.177197 -0.316683 
1 3.642968 -0.000700 -0.199776 0.507203 5.848509 383.149869 -0.316683 
1 2.734525 -0.001421 -0.238319 0.851585 6.699253 383.192993 -0.316683 
1 -0.390063 -0.000811 -0.034522 0.866722 2.845192 383.242878 -0.316683 
1 0.935722 -0.000232 -0.394961 0.683988 0.725285 383.259705 -0.316683 
1 1.772353 -0.000228 -0.110920 0.607686 3.551322 383.176595 -0.316683 
1 -0.277676 -0.000839 -0.308077 1.364019 0.067888 383.244520 -0.316683 
1 -1.295957 -0.000824 0.007614 1.079216 -0.936279 383.240469 -0.316683 
1 0.122483 -0.000365 -0.268700 0.968002 12.334905 383.209441 -0.286928 
1 1.276155 -0.000825 -0.397922 1.311858 7.047099 383.218085 -0.286928 
1 -3.737927 -0.001388 -0.251366 1.477415 13.065895 383.205269 -0.286928 
1 2.685962 -0.001024 -0.379420 0.953777 7.432690 383.195250 -0.286928 
1 -0.568970 -0.000671 -0.271739 0.455178 15.553546 383.225465 -0.286928 
1 2.311044 -0.000042 -0.182779 0.815789 0.182890 383.180285 -0.286928 
1 0.935722 -0.000232 -0.394961 0.683988 0.725285 383.259705 -0.286928 
1 3.397670 -0.001132 -0.343340 0.659286 6.169233 383.259664 -0.286928 
1 3.525887 -0.000932 -0.254278 0.449249 7.680049 383.189568 -0.286928 
1 2.355171 -0.002031 -0.152849 0.436616 5.696098 383.178031 -0.286928 
1 2.051988 -0.000486 -0.353920 0.571363 10.736602 383.219146 -0.278949 
1 1.123885 -0.000349 -0.137777 1.011452 4.570068 383.252986 -0.278949 
1 -1.129214 0.000666 -0.257405 1.528717 8.496280 383.147281 -0.278949 
1 -0.346033 -0.000699 -0.480846 1.495819 4.222544 383.183261 -0.278949 
1 1.316901 -0.000290 -0.381054 0.710971 0.681235 383.210440 -0.278949 
1 1.829104 -0.000304 -0.481749 0.927038 7.243924 383.188301 -0.278949 
1 -3.026953 -0.000822 -0.246768 1.316542 -5.084057 383.178403 -0.278949 
1 -2.415838 -0.001098 -0.115572 1.491226 6.771448 383.172732 -0.278949 
1 3.114730 -0.001344 -0.183231 0.422215 6.425878 383.252044 -0.278949 
1 1.830351 0.000592 -0.154229 0.313520 -1.632677 383.189425 -0.278949 
1 2.242890 -0.000943 -0.429735 1.018543 6.808187 383.184447 -0.281092 
1 2.511167 -0.001088 -0.266485 0.986051 5.696346 383.227822 -0.281092 
1 -5.705378 -0.000948 -0.108605 1.724601 9.255830 383.152709 -0.281092 
1 2.437388 -0.001256 -0.199447 0.801899 0.157490 383.201010 -0.281092 
1 -2.364090 -0.001546 -0.260030 1.790192 0.564730 383.199308 -0.281092 
1 1.829104 -0.000304 -0.481749 0.927038 7.243924 383.188301 -0.281092 
1 -5.053700 -0.001028 0.043469 0.812695 5.876298 383.237339 -0.281092 
1 1.637818 -0.000583 -0.462651 1.002815 11.249668 383.185018 -0.281092 
1 -2.695527 -0.001033 -0.026020 0.709560 6.605031 383.227602 -0.281092 
1 3.825054 -0.000430 -0.293601 0.607770 6.292856 383.250782 -0.281092 
1 1.930218 -0.001034 -0.212078 0.970325 6.597033 383.200239 -0.268311 
1 3.218777 -0.000690 -0.323776 0.832871 6.533967 383.240918 -0.268311 
1 1.814815 -0.001052 -0.433745 0.712066 9.859830 383.168049 -0.268311 
1 -0.697535 0.000057 -0.116100 1.121083 7.293101 383.186970 -0.268311 
1 -2.242774 -0.001129 -0.697797 1.320619 6.396112 383.185202 -0.268311 
1 2.139231 -0.000308 -0.458296 0.918416 7.204002 383.190576 -0.268311 
1 2.349751 -0.000971 -0.270987 0.738087 10.315215 383.179833 -0.268311 
1 2.540633 -0.001995 -0.329950 0.508941 4.461462 383.205880 -0.268311 
1 -6.116446 -0.000474 -0.157761 0.208178 4.625134 383.145101 -0.268311 
1 2.185627 -0.001701 -0.254766 1.010146 2.302576 383.221217 -0.268311 
1 -8.309105 -0.000165 -0.040035 1.718369 10.307130 383.172121 -0.244384 
1 2.254364 0.000349 -0.320144 0.899464 9.971283 383.189789 -0.244384 
1 3.539323 -0.001551 -0.316270 0.598168 7.494023 383.129480 -0.244384 
1 1.094631 -0.000489 -0.157726 1.079737 4.872196 383.185927 -0.244384 
1 1.779434 -0.000299 -0.281687 0.899454 10.281345 383.239006 -0.244384 
1 3.553748 -0.000301 -0.329002 0.656953 5.902971 383.183217 -0.244384 
1 3.138874 -0.000994 -0.317634 0.601879 9.428933 383.181614 -0.244384 
1 2.986805 -0.000438 -0.304378 0.903878 5.164161 383.210773 -0.244384 
1 2.271100 -0.000897 -0.271534 0.870993 9.160220 383.179567 -0.244384 
1 0.410424 -0.000211 -0.361407 1.482095 5.244088 383.217276 -0.244384 
1 3.277440 -0.001153 -0.318074 0.821249 5.533018 383.263093 -0.207261 
1 0.343569 0.000091 -0.432446 1.392406 3.827706 383.196924 -0.207261 
1 1.002123 0.000213 -0.344284 1.351733 4.449325 383.161705 -0.207261 
1 3.347924 -0.000607 -0.304858 0.552024 8.511172 383.185270 -0.207261 
1 2.574409 -0.000444 -0.244208 0.744735 8.915688 383.251072 -0.207261 
1 2.820965 -0.000848 -0.303141 0.880858 7.908262 383.254113 -0.207261 
1 -0.747072 -0.000313 -0.194804 0.312499 12.096796 383.157360 -0.207261 
1 2.580865 -0.002052 -0.181293 0.807258 1.374013 383.210567 -0.207261 
1 1.979549 -0.000952 -0.396979 0.671289 3.443151 383.174935 -0.207261 
1 3.090043 -0.000295 -0.273707 0.785437 2.311330 383.217446 -0.207261 
1 2.826036 -0.001019 -0.342893 0.901078 8.134956 383.168197 -0.176204 
1 -0.504607 0.000346 -0.072633 1.122681 -2.410319 383.220108 -0.176204 
1 2.978823 -0.001134 -0.281232 0.435613 3.942750 383.148940 -0.176204 
1 2.030693 -0.000539 -0.360142 0.660121 12.000852 383.247474 -0.176204 
1 0.605946 -0.000972 -0.371755 1.149614 0.904204 383.240884 -0.176204 
1 2.899249 0.000663 -0.202783 0.677416 6.999050 383.127301 -0.176204 
1 -1.777944 -0.000207 -0.297070 1.480911 -1.747866 383.184625 -0.176204 
1 -0.217280 -0.001090 -0.218292 1.448190 1.364709 383.202784 -0.176204 
1 3.241472 -0.001879 -0.281636 0.465583 7.804888 383.193690 -0.176204 
1 1.445747 -0.001594 -0.309431 0.689073 -1.509754 383.204526 -0.176204 
1 3.361189 0.000708 -0.243727 0.681734 1.627538 383.216776 -0.123801 
1 2.232878 -0.000236 -0.362937 1.091632 5.837870 383.214589 -0.123801 
1 3.031978 -0.000461 -0.243721 0.845320 5.012565 383.193302 -0.123801 
1 3.243080 -0.000299 -0.319182 0.553395 8.068782 383.219267 -0.123801 
1 2.761726 -0.001308 -0.322395 0.660417 1.457380 383.135135 -0.123801 
1 3.756196 0.000078 -0.269794 0.682784 5.357165 383.137200 -0.123801 
1 1.909142 0.000052 -0.198742 0.660989 9.355648 383.213718 -0.123801 
1 1.453782 -0.000088 -0.303382 1.233554 3.724640 383.215955 -0.123801 
1 0.840520 -0.000557 -0.186874 1.068502 7.460781 383.162716 -0.123801 
1 1.987003 -0.000646 -0.370509 0.702353 12.101994 383.255931 -0.123801 
1 1.022032 -0.000790 -0.232318 1.034956 9.111834 383.168387 -0.066658 
1 3.250026 0.000523 -0.306837 0.723647 8.524391 383.222802 -0.066658 
1 0.251952 -0.000565 -0.115744 0.829146 7.398820 383.233360 -0.066658 
1 2.584920 0.000081 -0.293770 0.443843 3.084735 383.283968 -0.066658 
1 3.857894 -0.002200 -0.285555 0.634791 4.747244 383.191641 -0.066658 
1 3.744927 0.000088 -0.270375 0.686453 5.373996 383.138095 -0.066658 
1 3.215212 0.000084 -0.314344 0.515372 5.966973 383.228118 -0.066658 
1 3.614889 -0.000218 -0.266910 0.469225 7.303433 383.216479 -0.066658 
1 -0.138906 0.000196 -0.038524 0.982722 0.801901 383.224314 -0.066658 
1 2.548003 -0.000458 -0.334299 0.581377 10.569288 383.160349 -0.066658 
1 3.036314 -0.000932 -0.162375 0.546964 4.684582 383.191061 -0.044324 
1 -5.382418 -0.000421 -0.166589 2.037358 5.626021 383.226812 -0.044324 
1 1.855125 -0.000994 -0.213877 1.046999 5.308391 383.240108 -0.044324 
1 2.177514 -0.001114 -0.236862 1.036168 3.651429 383.181590 -0.044324 
1 -0.114299 -0.001025 -0.081374 0.487138 -4.587588 383.172223 -0.044324 
1 2.441130 0.000247 -0.408009 0.705671 8.749925 383.190726 -0.044324 
1 1.426413 -0.000632 -0.313167 0.989744 0.305876 383.191589 -0.044324 
1 2.343173 -0.000284 -0.245658 0.607281 10.626940 383.222808 -0.044324 
1 -0.372829 -0.000688 -0.305267 1.498336 1.437278 383.168455 -0.044324 
1 2.612024 -0.001015 -0.350758 0.847760 9.846745 383.193609 -0.044324 
1 -5.002659 -0.001236 0.011916 1.776477 0.828611 383.238959 -0.053046 
1 -0.118404 -0.000486 -0.347521 1.486784 2.389447 383.199913 -0.053046 
1 2.720625 -0.000159 -0.211225 0.800578 1.100795 383.192624 -0.053046 
1 3.138212 -0.001462 -0.249748 0.827141 5.220072 383.189672 -0.053046 
1 -2.144297 -0.001161 -0.013855 0.554825 -0.979003 383.182205 -0.053046 
1 -0.543605 -0.000532 -0.499846 1.551794 4.854224 383.173781 -0.053046 
1 2.053639 -0.000378 -0.243769 1.052102 2.705252 383.139759 -0.053046 
1 -0.909249 -0.000481 -0.415878 1.627857 10.142004 383.160922 -0.053046 
1 -2.797269 -0.000972 -0.172048 1.103137 12.510673 383.266906 -0.053046 
1 1.118930 -0.001259 -0.306569 1.060017 10.675005 383.191194 -0.053046 
1 -1.031586 -0.000854 -0.355022 1.247255 13.633055 383.227036 -0.017354 
1 3.195019 -0.001055 -0.297453 0.807226 7.368097 383.187205 -0.017354 
1 2.667668 0.000142 -0.331771 0.795384 2.180560 383.173754 -0.017354 
1 3.020365 -0.000921 -0.313992 0.872868 4.266339 383.229747 -0.017354 
1 1.879176 -0.001009 -0.327332 1.171876 5.078033 383.222118 -0.017354 
1 0.479269 -0.001131 -0.085104 0.983063 3.496427 383.223525 -0.017354 
1 3.348165 -0.000442 -0.314181 0.634720 3.007309 383.227290 -0.017354 
1 1.062900 -0.001367 -0.227664 1.228664 2.008543 383.212492 -0.017354 
1 0.405018 -0.001303 -0.524855 1.372461 6.699781 383.237785 -0.017354 
1 3.030288 -0.000988 -0.194781 0.689946 5.796513 383.212654 -0.017354 
1 1.607059 -0.000236 -0.320958 1.133098 8.742199 383.216494 0.032789 
1 1.265174 -0.001131 -0.498645 0.982021 5.573853 383.208783 0.032789 
1 -0.113054 0.000253 -0.498164 1.179204 2.800038 383.237754 0.032789 
1 -1.833658 -0.001431 -0.061825 1.481500 0.902717 383.191054 0.032789 
1 3.053732 -0.000438 -0.265708 0.524925 -0.011756 383.254078 0.032789 
1 3.079079 -0.000694 -0.265812 0.852298 5.666754 383.240601 0.032789 
1 3.763460 -0.000378 -0.212876 0.518158 6.096126 383.228224 0.032789 
1 4.114411 -0.000946 -0.220449 0.482580 3.911420 383.180409 0.032789 
1 1.824972 -0.000987 -0.354500 1.101348 3.244372 383.192807 0.032789 
1 3.890261 -0.000433 -0.282730 0.623200 5.011819 383.197114 0.032789 
1 1.607059 -0.000236 -0.320958 1.133098 8.742199 383.216494 0.082058 
1 -1.018363 -0.001716 -0.522896 0.730897 4.854604 383.202582 0.082058 
1 2.122701 -0.000491 -0.169569 0.761849 6.523981 383.192050 0.082058 
1 1.193655 -0.000729 -0.434057 1.250596 9.869242 383.192777 0.082058 
1 2.488805 -0.000407 -0.207862 0.314550 5.155589 383.238625 0.082058 
1 3.554383 -0.000721 -0.300537 0.691701 3.767345 383.221272 0.082058 
1 2.087106 -0.000364 -0.138645 0.618844 5.486641 383.226034 0.082058 
1 4.019802 -0.000903 -0.208232 0.449377 4.251113 383.187862 0.082058 
1 3.346195 -0.001120 -0.301181 0.542418 8.527132 383.187303 0.082058 
1 2.385768 -0.001002 -0.198273 0.923817 3.729283 383.217390 0.082058 
1 0.728869 -0.000142 -0.169030 0.500550 10.412973 383.222647 0.127396 
1 -0.955160 -0.001767 -0.526315 0.741184 4.930085 383.200228 0.127396 
1 4.033380 -0.000699 -0.231635 0.531327 2.899538 383.280240 0.127396 
1 3.225265 -0.000682 -0.353791 0.712206 8.083257 383.161010 0.127396 
1 1.607015 -0.000600 -0.406382 0.610450 7.028804 383.225758 0.127396 
1 3.284422 -0.000609 -0.314425 0.809893 4.772094 383.217045 0.127396 
1 0.509135 -0.001292 -0.137749 0.654353 8.781559 383.245498 0.127396 
1 0.508039 -0.002310 -0.081666 0.574526 3.837783 383.200429 0.127396 
1 3.184932 -0.000167 -0.299941 0.786367 3.175512 383.203607 0.127396 
1 2.470481 -0.000391 -0.192378 0.879690 4.338835 383.224918 0.127396 
1 1.899225 -0.000037 -0.177509 0.475913 9.007816 383.237135 0.160939 
1 1.237379 0.000604 -0.227328 1.002595 8.780411 383.210899 0.160939 
1 -1.142506 0.000621 -0.016955 1.183354 0.468008 383.231839 0.160939 
1 1.738775 -0.000700 -0.355370 0.542011 2.525376 383.158507 0.160939 
1 3.414075 -0.001742 -0.337356 0.722484 7.233759 383.202293 0.160939 
1 3.656279 -0.000598 -0.250678 0.666050 2.847279 383.198203 0.160939 
1 -0.202331 -0.000177 -0.158666 0.254525 2.637998 383.250236 0.160939 
1 2.795014 -0.001163 -0.356770 0.854685 3.958839 383.201266 0.160939 
1 3.799051 -0.000480 -0.232819 0.549284 1.613013 383.233448 0.160939 
1 -3.453376 -0.001169 -0.224971 0.332186 16.787270 383.212812 0.160939 
1 1.943242 -0.000297 -0.236020 0.637616 -2.437111 383.159135 0.183430 
1 0.904106 0.000378 -0.234120 1.052135 9.225771 383.198599 0.183430 
1 2.230473 -0.001070 -0.336099 0.763511 1.004667 383.225919 0.183430 
1 -2.224020 -0.000598 -0.140775 0.883228 -7.412619 383.206818 0.183430 
1 1.243725 -0.001626 -0.445677 0.675881 6.632011 383.193241 0.183430 
1 2.220496 -0.000850 -0.177449 0.680471 -1.691778 383.225665 0.183430 
1 2.407612 0.000052 -0.168575 0.324799 4.292625 383.240954 0.183430 
1 1.953047 -0.001840 -0.321764 0.644990 -0.353299 383.170237 0.183430 
1 3.799051 -0.000480 -0.232819 0.549284 1.613013 383.233448 0.183430 
1 -2.820199 -0.001878 -0.353102 1.028627 17.272924 383.212080 0.183430 
1 2.254625 -0.000594 -0.450159 0.861558 7.657878 383.191690 0.247327 
1 0.607149 -0.000256 -0.494673 0.880907 13.633596 383.154426 0.247327 
1 3.583377 -0.000634 -0.299489 0.528290 6.741863 383.195658 0.247327 
1 3.375614 -0.000422 -0.191204 0.469521 6.395085 383.196790 0.247327 
1 3.184196 -0.000831 -0.342345 0.822286 7.181996 383.201772 0.247327 
1 0.415051 -0.001302 -0.335039 0.451017 5.702490 383.206302 0.247327 
1 2.037055 0.000291 -0.140268 0.360136 2.141422 383.150211 0.247327 
1 -0.334441 -0.001915 -0.181310 1.453203 2.464428 383.202315 0.247327 
1 1.354997 -0.001838 -0.115167 0.565487 5.308027 383.275809 0.247327 
1 -2.232007 -0.001101 -0.335343 0.971968 -4.601596 383.238065 0.247327 
1 2.998097 0.000258 -0.361941 0.715492 4.356373 383.216557 0.355804 
1 0.607149 -0.000256 -0.494673 0.880907 13.633596 383.154426 0.355804 
1 3.566640 -0.000840 -0.287430 0.486331 5.717130 383.205965 0.355804 
1 3.579066 -0.000294 -0.194518 0.483144 5.851330 383.183420 0.355804 
1 2.859833 -0.000712 -0.391837 0.853135 6.832059 383.222281 0.355804 
1 2.713797 -0.000897 -0.158134 0.356835 2.766680 383.214538 0.355804 
1 3.354703 0.000058 -0.257070 0.609335 0.900117 383.204924 0.355804 
1 2.056936 -0.000234 -0.435173 0.860020 4.834178 383.219864 0.355804 
1 -0.641671 -0.001086 -0.249467 1.594054 3.740731 383.156516 0.355804 
1 2.843287 -0.000624 -0.380067 0.763677 4.767600 383.179555 0.355804 
1 2.728608 -0.000913 -0.236247 0.789529 0.795210 383.211758 0.457667 
1 1.062188 -0.000112 -0.469444 0.786829 4.323542 383.235812 0.457667 
1 4.034684 -0.000887 -0.262503 0.570820 4.734312 383.208468 0.457667 
1 3.505918 -0.000382 -0.190720 0.545927 5.372320 383.171824 0.457667 
1 -0.632851 -0.000928 -0.559027 0.936212 4.097121 383.236821 0.457667 
1 1.672271 -0.000045 -0.388406 1.215947 5.676599 383.172254 0.457667 
1 2.829677 -0.001115 -0.344329 0.620111 3.010344 383.192269 0.457667 
1 2.993065 0.000451 -0.285370 0.845863 7.254628 383.267874 0.457667 
1 -1.928762 -0.001146 -0.504142 1.722661 3.469703 383.177571 0.457667 
1 2.609272 -0.000828 -0.359734 0.630659 10.043724 383.214593 0.457667 
1 2.967437 0.000505 -0.345045 0.678316 3.233828 383.257077 0.567332 
1 1.380351 -0.001372 -0.462289 1.118502 4.990408 383.252209 0.567332 
1 4.008017 -0.000973 -0.212729 0.470127 4.885869 383.218510 0.567332 
1 3.355951 -0.000390 -0.299226 0.492479 5.532301 383.204730 0.567332 
1 2.893528 -0.000971 -0.313130 0.490832 6.556990 383.206162 0.567332 
1 2.909132 0.000639 -0.366548 0.846930 4.953465 383.185673 0.567332 
1 2.375653 -0.001290 -0.430661 0.855615 9.431947 383.235328 0.567332 
1 2.719314 -0.001472 -0.284472 0.798796 9.102361 383.189403 0.567332 
1 0.500759 -0.001056 -0.552758 0.993196 6.289636 383.216525 0.567332 
1 0.732193 -0.000814 -0.224253 0.356763 12.139119 383.240775 0.567332 
1 2.330827 0.000365 -0.402645 0.732975 4.327148 383.266590 0.698674 
1 1.095174 -0.000334 -0.476909 0.873866 12.804832 383.208434 0.698674 
1 2.778390 -0.001038 -0.148055 0.573732 3.938109 383.221770 0.698674 
1 3.388116 -0.000672 -0.212069 0.391988 6.918768 383.224668 0.698674 
1 0.322358 -0.000642 -0.326135 1.463448 3.616099 383.192097 0.698674 
1 3.285292 0.000183 -0.336011 0.793997 5.358395 383.181581 0.698674 
1 3.575730 -0.000564 -0.205545 0.443412 6.613168 383.201313 0.698674 
1 2.922260 -0.001162 -0.286790 0.444917 7.025471 383.192316 0.698674 
1 1.460914 -0.001843 -0.368537 1.090386 2.259148 383.203269 0.698674 
1 2.520914 -0.000424 -0.240923 0.501546 -1.970337 383.224725 0.698674 
1 2.133968 0.000429 -0.401373 0.821308 3.324409 383.193434 0.850362 
1 2.050243 -0.000308 -0.244947 1.027120 2.142254 383.252908 0.850362 
1 2.610563 -0.000828 -0.369878 0.604889 5.546841 383.202288 0.850362 
1 3.157232 -0.000663 -0.242334 0.403448 8.018909 383.233769 0.850362 
1 2.658983 -0.000455 -0.317967 0.514179 9.328314 383.257381 0.850362 
1 3.338664 0.000050 -0.204081 0.701689 3.970776 383.189932 0.850362 
1 1.941833 -0.000424 -0.464337 0.827890 9.283688 383.194036 0.850362 
1 3.910010 -0.001356 -0.202143 0.528054 3.246050 383.255000 0.850362 
1 3.278111 -0.001156 -0.242883 0.755022 6.118212 383.241018 0.850362 
1 3.302179 -0.000628 -0.257075 0.647513 8.296357 383.242530 0.850362 
1 3.401069 -0.000948 -0.306773 0.682563 3.083600 383.202869 0.989105 
1 1.596046 -0.000021 -0.364634 1.227328 7.505180 383.225122 0.989105 
1 3.871982 -0.000934 -0.289205 0.569433 4.854054 383.274057 0.989105 
1 3.458362 -0.000609 -0.225996 0.418919 7.556515 383.248394 0.989105 
1 0.533978 -0.000229 -0.548185 1.079727 12.923238 383.219840 0.989105 
1 0.908077 -0.001947 -0.335645 0.460901 4.730018 383.269439 0.989105 
1 2.449385 -0.000032 -0.426654 0.894991 6.420789 383.187135 0.989105 
1 3.833486 -0.000773 -0.246715 0.642178 4.951374 383.234818 0.989105 
1 -0.327302 -0.000075 -0.220809 1.035621 11.171204 383.229844 0.989105 
1 1.331266 -0.000063 -0.186266 0.663104 9.843825 383.208275 0.989105 
1 2.919328 0.000225 -0.341093 0.910970 5.362667 383.182784 1.087219 
1 2.526222 0.000751 -0.165829 0.636799 -1.100766 383.212822 1.087219 
1 3.600029 -0.001171 -0.231536 0.496914 7.672674 383.261925 1.087219 
1 2.733637 -0.000433 -0.198743 0.496625 8.545660 383.268105 1.087219 
1 3.303564 -0.000968 -0.346937 0.767149 5.730933 383.179663 1.087219 
1 2.854863 -0.000466 -0.383870 0.873281 6.199669 383.228048 1.087219 
1 -0.162531 -0.000624 -0.431938 0.799224 15.712454 383.260733 1.087219 
1 0.837464 -0.001355 -0.184668 1.145474 -0.012158 383.235636 1.087219 
1 1.238911 0.000189 -0.478938 1.106874 5.057449 383.201926 1.087219 
1 1.122464 -0.000880 -0.089860 0.520810 1.416234 383.178263 1.087219 
