1 -1.910899 0.000412 -0.358346 0.888867 0.397679 383.198575 0.000000 
1 -1.813572 -0.001158 -0.210847 0.994889 5.745940 383.229707 0.000000 
1 -34.021962 -0.000767 -0.916073 0.507666 8.775769 383.187727 0.000000 
1 -5.607038 -0.000557 -0.167616 1.116090 9.677252 383.207576 0.000000 
1 2.515992 0.000375 -0.361365 0.532774 7.804673 383.227220 0.000000 
1 -2.260873 -0.000813 -0.410564 0.851803 1.217805 383.180370 0.000000 
1 1.306187 0.000046 -0.226105 0.475973 10.707223 383.252396 0.000000 
1 -11265.514022 -0.001471 -0.011626 0.349091 8.390251 383.157608 0.000000 
1 -8.730948 -0.000859 -0.276802 1.468272 -0.502974 383.230626 0.000000 
1 -2.150903 -0.000309 -0.259376 1.049442 3.989739 383.220318 0.000000 
1 2.941139 -0.000595 -0.339076 0.560732 3.851608 383.208137 -0.000127 
1 -6.646387 0.000107 -0.444842 1.187464 2.267247 383.166093 -0.000127 
1 4.119677 -0.000541 -0.256616 0.521540 4.175907 383.196281 -0.000127 
1 -21.221352 0.000125 -0.130308 2.023316 7.828659 383.219271 -0.000127 
1 -3.089635 -0.000320 -0.243563 0.993433 9.100409 383.245261 -0.000127 
1 -0.729931 -0.000142 -0.362189 0.794006 0.870278 383.209158 -0.000127 
1 -8.989876 -0.001511 -0.575209 1.107672 5.406500 383.166921 -0.000127 
1 -2.822195 -0.001371 -0.439595 0.814102 0.738048 383.217432 -0.000127 
1 -7.451319 -0.000477 -0.168357 1.419487 3.710720 383.224170 -0.000127 
1 -20.235365 -0.001179 -0.031082 1.923009 3.644770 383.222736 -0.000127 
1 -5.367402 -0.000692 -0.366526 1.029381 -2.731846 383.157063 -0.000294 
1 -4.652916 -0.000340 -0.344918 1.196882 4.586060 383.261261 -0.000294 
1 -8.409776 -0.000988 -0.582658 1.026683 9.012043 383.179942 -0.000294 
1 -16.841880 -0.001002 -0.563589 1.596368 1.314113 383.204434 -0.000294 
1 -2.145231 0.000129 -0.455262 0.806831 4.118283 383.204847 -0.000294 
1 -0.081090 -0.000024 -0.344560 0.790827 1.836864 383.203370 -0.000294 
1 -3.649033 -0.000927 -0.374641 1.026227 8.581448 383.244130 -0.000294 
1 -3.487012 -0.001315 -0.440365 0.880558 0.849965 383.221551 -0.000294 
1 -0.631131 -0.000687 -0.325663 0.770929 -0.998912 383.220797 -0.000294 
1 2.792020 -0.000113 -0.190370 0.608436 4.693291 383.185377 -0.000294 
1 -11269.372015 -0.001295 0.099284 0.569367 15.953291 383.225150 -0.074845 
1 -2.731332 0.000577 -0.112362 0.948293 6.678639 383.209590 -0.074845 
1 -6.275425 -0.001164 -0.520381 0.985761 9.794997 383.176924 -0.074845 
1 2.362880 -0.001524 -0.249602 0.390174 10.572352 383.244492 -0.074845 
1 -1.417670 0.000114 -0.438388 0.780616 4.213868 383.204423 -0.074845 
1 -9.135209 -0.000394 -0.337316 1.371951 11.068485 383.282545 -0.074845 
1 2.415460 0.000189 -0.197392 0.369327 9.061484 383.241945 -0.074845 
1 -11268.896656 -0.000367 -0.891164 1.241941 3.792090 383.181066 -0.074845 
1 1.059566 -0.000703 -0.283817 0.721427 0.230229 383.215982 -0.074845 
1 -2.961587 -0.001247 -0.389533 0.978132 7.725867 383.156921 -0.074845 
1 -6.046704 0.000127 -0.258506 1.180160 10.280007 383.291232 -0.100889 
1 -2.808327 -0.001331 -0.418886 0.913914 8.268182 383.221857 -0.100889 
1 -11277.143376 -0.000376 0.038032 0.562171 3.329627 383.174346 -0.100889 
1 -7.678070 0.000347 -0.018461 1.278553 -0.411783 383.227823 -0.100889 
1 1.408359 -0.000879 -0.339454 0.358377 12.404046 383.189344 -0.100889 
1 2.528432 -0.001333 -0.215893 0.628287 5.589360 383.234935 -0.100889 
1 2.630116 -0.000649 -0.250050 0.647422 4.407795 383.229000 -0.100889 
1 -3.625534 -0.000165 -0.544309 0.637955 4.419491 383.208806 -0.100889 
1 -0.025653 -0.001770 -0.475046 0.465344 6.647333 383.155097 -0.100889 
1 -7.721638 -0.000067 -0.109222 1.231460 -5.051858 383.229695 -0.100889 
1 -3.137639 -0.001064 -0.548306 0.577440 9.567719 383.198009 -0.131105 
1 -1.804680 -0.001033 -0.402603 0.867814 7.467500 383.230306 -0.131105 
1 -8.902738 -0.000956 -0.518341 1.138258 0.572632 383.236952 -0.131105 
1 -3.441433 -0.001207 -0.530063 0.710374 9.136421 383.207200 -0.131105 
1 -0.640881 -0.001068 -0.033945 0.629990 -4.526466 383.225441 -0.131105 
1 1.968786 -0.000493 -0.170885 0.515076 7.965360 383.194821 -0.131105 
1 -11280.774546 -0.000407 0.121508 1.038054 12.502597 383.202536 -0.131105 
1 -23.205467 -0.000326 -0.878237 0.698909 8.447262 383.189097 -0.131105 
1 -10.601335 -0.000079 -0.493487 1.329210 0.415641 383.164903 -0.131105 
1 -16.404808 -0.000652 -0.764816 0.974058 6.045200 383.183859 -0.131105 
1 0.850773 -0.000293 -0.361943 0.675117 7.955674 383.216231 -0.131339 
1 -18.491424 -0.001174 -0.352897 1.983818 1.825169 383.200421 -0.131339 
1 -8.179677 -0.000706 -0.483372 1.240148 2.892843 383.213832 -0.131339 
1 -5.223472 -0.001254 -0.391486 1.149042 1.373661 383.166207 -0.131339 
1 -4.570252 0.000024 -0.132159 1.202739 2.116760 383.205824 -0.131339 
1 -3.472313 -0.001646 -0.393683 1.047498 4.498745 383.237307 -0.131339 
1 -4.130146 -0.000837 -0.365942 1.100719 7.585484 383.191506 -0.131339 
1 -18.469040 -0.000236 -0.778445 0.965567 3.040933 383.181663 -0.131339 
1 -13.978161 -0.000957 -0.454425 1.679992 3.897661 383.168994 -0.131339 
1 -14.603801 -0.000683 -0.191304 1.763091 -2.330932 383.241816 -0.131339 
1 -4.927126 -0.000411 -0.258985 1.213379 7.268748 383.221838 -0.168786 
1 -0.214949 -0.001233 -0.187560 0.657938 -4.916270 383.223006 -0.168786 
1 -4.501336 -0.001044 -0.144216 1.207643 2.295627 383.156150 -0.168786 
1 -0.360457 -0.000106 -0.315410 0.816977 7.676304 383.210706 -0.168786 
1 -12.781959 0.000045 0.048351 1.447349 4.895158 383.181874 -0.168786 
1 -13.221280 -0.000863 -0.217588 1.299247 15.968334 383.268115 -0.168786 
1 -11327.203079 -0.002043 -0.869831 0.990293 7.826553 383.158287 -0.168786 
1 -5.052429 0.000184 0.060827 0.886338 2.580942 383.225916 -0.168786 
1 3.048723 0.000448 -0.354991 0.526184 4.784849 383.246824 -0.168786 
1 -13.347654 -0.000326 -0.235399 1.777415 3.888824 383.193644 -0.168786 
1 -2.081532 0.000114 -0.495186 0.705407 5.971926 383.188383 -0.168941 
1 -0.163419 -0.001237 -0.186890 0.658260 -4.845074 383.222999 -0.168941 
1 -1.109615 -0.000678 -0.130390 0.635928 9.487758 383.242516 -0.168941 
1 -8.270877 -0.000219 -0.284595 1.485047 2.805698 383.213592 -0.168941 
1 -14.269012 0.000001 0.058121 1.509454 5.020703 383.180708 -0.168941 
1 -22.731107 -0.000068 -0.722482 1.383578 -1.230336 383.234160 -0.168941 
1 -5.993054 -0.001535 -0.325083 0.580155 17.675539 383.238237 -0.168941 
1 -1.853963 -0.000759 -0.128008 0.961879 4.585497 383.243837 -0.168941 
1 -2.938013 0.000332 -0.462103 0.415702 15.727224 383.171336 -0.168941 
1 -0.554177 -0.001651 -0.030300 0.727183 1.317282 383.228654 -0.168941 
1 -9.122163 -0.002310 -0.017467 1.327861 -2.818036 383.219364 -0.169189 
1 -7.024249 -0.000461 -0.330245 1.382484 4.108556 383.212636 -0.169189 
1 -4.048901 0.000248 -0.434533 0.970591 1.580275 383.240129 -0.169189 
1 -15.636083 -0.001341 0.144955 1.371339 5.814863 383.227765 -0.169189 
1 -10.086593 -0.000782 -0.430574 1.482129 6.251878 383.163274 -0.169189 
1 0.034446 0.000379 -0.376086 0.758445 3.301770 383.215420 -0.169189 
1 3.985958 -0.000276 -0.282151 0.364124 8.349807 383.205258 -0.169189 
1 0.798314 -0.001138 -0.219190 0.747230 6.719089 383.155396 -0.169189 
1 -26.265917 0.000840 -0.447235 2.140186 13.727434 383.190883 -0.169189 
1 4.667770 0.000217 -0.164120 0.354654 3.012574 383.241697 -0.169189 
1 0.134842 0.000112 -0.394332 0.564861 -0.485003 383.125750 -0.169325 
1 -6.657167 0.000068 -0.125545 1.342218 2.768880 383.226131 -0.169325 
1 0.829442 -0.000009 -0.097236 0.416780 6.630636 383.191862 -0.169325 
1 -15.592098 -0.001355 0.145282 1.369114 5.773305 383.227601 -0.169325 
1 -6.987066 -0.000738 -0.123048 1.282207 7.234150 383.235794 -0.169325 
1 3.184534 -0.000560 -0.224049 0.604751 1.873054 383.218448 -0.169325 
1 -5.576910 0.000375 -0.362621 1.228403 2.012853 383.266778 -0.169325 
1 1.744620 -0.000735 -0.330735 0.458900 -1.760611 383.223104 -0.169325 
1 -8.487543 -0.001427 -0.553287 1.121634 8.495121 383.231394 -0.169325 
1 3.444213 0.000082 -0.360396 0.453647 4.751526 383.222099 -0.169325 
1 -9.625582 -0.001447 -0.339281 1.079625 15.991497 383.202245 -0.169576 
1 -5.008496 0.000107 -0.137994 1.238350 2.071291 383.224209 -0.169576 
1 -7.130978 0.000171 -0.246607 1.251510 10.449452 383.223194 -0.169576 
1 0.210432 -0.000829 -0.190753 0.696378 8.448788 383.235002 -0.169576 
1 -8.442983 -0.000929 -0.567814 1.079902 8.406174 383.243818 -0.169576 
1 -2.523002 0.000698 -0.383010 0.962037 6.919984 383.210880 -0.169576 
1 -11.199304 -0.000844 -0.594604 0.802000 -2.624095 383.209957 -0.169576 
1 -7.322595 0.000097 -0.223469 1.240205 10.719897 383.202590 -0.169576 
1 -6.539650 0.000345 -0.429496 1.118804 10.918731 383.147613 -0.169576 
1 -5.444180 0.000038 -0.046462 0.834128 9.907325 383.170275 -0.169576 
1 -8.580857 -0.000379 -0.020276 1.018671 10.592792 383.171168 -0.169879 
1 -7.971721 -0.000534 -0.038977 1.066343 9.995096 383.172706 -0.169879 
1 -7.092531 0.000351 -0.236349 1.260315 10.126777 383.221736 -0.169879 
1 -6.883059 -0.001098 -0.145249 0.953705 12.821766 383.163586 -0.169879 
1 -14.447060 -0.000607 -0.086311 1.557922 -6.781619 383.194370 -0.169879 
1 -13.865290 -0.000353 -0.524330 1.540813 2.837358 383.176025 -0.169879 
1 -9.889574 -0.000963 -0.543921 0.796876 -3.830450 383.204230 -0.169879 
1 -2.164469 -0.000858 -0.318943 1.014241 5.335169 383.272225 -0.169879 
1 -0.337794 -0.001250 -0.262659 0.766700 9.056313 383.174725 -0.169879 
1 -4.937324 0.000063 -0.073729 0.813991 10.424071 383.168128 -0.169879 
1 -0.317181 -0.000823 -0.310306 0.835199 6.992112 383.233164 -0.170010 
1 -2.001554 -0.001074 -0.288272 0.619416 13.560196 383.207837 -0.170010 
1 -0.407998 -0.001050 -0.334966 0.858098 3.727331 383.200160 -0.170010 
1 -0.784569 -0.000018 -0.263233 0.881076 -0.184923 383.224864 -0.170010 
1 -4.951792 -0.000891 -0.399169 0.820362 -4.045222 383.177502 -0.170010 
1 -7.548941 -0.000639 -0.576821 0.973506 8.397359 383.238358 -0.170010 
1 -3.647669 -0.000074 -0.172935 1.114660 -0.839982 383.178231 -0.170010 
1 -2.719149 -0.000681 -0.314261 1.068322 3.220927 383.140553 -0.170010 
1 -8.637136 -0.000643 -0.321623 1.419622 9.033137 383.226863 -0.170010 
1 -1.796528 -0.000744 -0.213646 1.016440 1.441080 383.242704 -0.170010 
1 -0.873548 -0.001187 -0.326956 0.901324 5.357645 383.184158 -0.170240 
1 2.389080 0.000754 -0.295136 0.602706 7.281004 383.226998 -0.170240 
1 -15.376532 0.000646 -0.315018 1.865710 5.514867 383.177584 -0.170240 
1 -9.591091 -0.000304 -0.432377 1.311581 -1.437779 383.269273 -0.170240 
1 -9.553411 -0.000304 -0.350054 1.466732 9.141233 383.189294 -0.170240 
1 -11.221812 -0.000159 -0.169180 1.628210 0.245354 383.169794 -0.170240 
1 -2.262943 -0.000562 -0.256579 0.943658 -1.979525 383.213928 -0.170240 
1 -0.772907 -0.001406 -0.359371 0.823847 7.706829 383.192725 -0.170240 
1 -3.853947 0.000040 -0.296527 0.855624 12.661134 383.240679 -0.170240 
1 -6.714254 -0.001520 -0.348211 1.229387 -1.544046 383.247416 -0.170240 
1 -2.304842 -0.001230 -0.221506 0.902569 9.335067 383.254696 -0.170891 
1 -3.724684 -0.000200 -0.170929 1.063041 7.682267 383.205246 -0.170891 
1 -10.838119 -0.000801 -0.625817 1.108361 6.389105 383.181796 -0.170891 
1 3.370959 -0.000468 -0.130052 0.309836 1.664164 383.153735 -0.170891 
1 -8.496874 -0.001100 -0.357498 1.459571 5.127112 383.206735 -0.170891 
1 -10.642069 -0.000355 -0.210640 1.436906 -5.189823 383.200327 -0.170891 
1 -21.224184 0.000193 -0.775007 1.299057 3.824670 383.227347 -0.170891 
1 -19.208881 -0.000596 0.042522 1.689399 8.872149 383.232912 -0.170891 
1 -7.802413 -0.000752 -0.122221 1.292183 8.455105 383.270919 -0.170891 
1 -21.371563 -0.000177 -0.530903 1.930759 4.298532 383.196441 -0.170891 
1 2.656391 -0.001734 -0.369605 0.434013 9.526628 383.210709 -0.171541 
1 -8.344199 -0.000856 -0.209628 0.874765 15.820830 383.186471 -0.171541 
1 1.477439 -0.000967 -0.432410 0.443813 7.227501 383.171381 -0.171541 
1 -13.956174 -0.000253 -0.653933 0.422430 8.040893 383.167101 -0.171541 
1 -3.587790 -0.000839 -0.280548 1.043270 -1.795642 383.193550 -0.171541 
1 -6.348268 -0.000797 -0.478393 1.130719 6.917015 383.226841 -0.171541 
1 -10.705307 -0.001575 -0.499193 0.637106 -7.105397 383.278535 -0.171541 
1 4.026575 -0.000962 -0.200933 0.505286 -0.022840 383.203610 -0.171541 
1 -6.403504 0.000026 -0.561328 0.872593 3.660743 383.281872 -0.171541 
1 -19.786610 -0.000936 -0.821131 0.808412 4.797593 383.229392 -0.171541 
1 2.981698 -0.001789 -0.368724 0.396525 8.253836 383.212234 -0.172010 
1 -1.681255 -0.000366 -0.509504 0.604670 6.644118 383.224196 -0.172010 
1 -14.516718 -0.001044 -0.718515 1.034048 5.530855 383.219987 -0.172010 
1 -4.340999 -0.001653 -0.151165 1.179575 0.026455 383.197276 -0.172010 
1 1.295681 -0.000479 -0.220134 0.721881 6.105207 383.275960 -0.172010 
1 -17.572364 -0.000596 -0.773938 0.935780 15.384664 383.201706 -0.172010 
1 -4.106288 -0.000405 -0.503416 0.867992 4.486108 383.191232 -0.172010 
1 -0.686398 -0.001084 -0.098490 0.841739 3.606122 383.196477 -0.172010 
1 -5.750626 -0.000830 -0.478456 0.802043 14.280350 383.222802 -0.172010 
1 0.319366 -0.000863 -0.038422 0.658752 -0.081396 383.214515 -0.172010 
1 -4.588036 0.000316 -0.095016 1.111520 5.823583 383.186810 -0.172579 
1 -1.811180 -0.000397 -0.505329 0.639021 6.226638 383.232377 -0.172579 
1 -4.086543 0.000668 -0.197461 1.176682 5.428336 383.152558 -0.172579 
1 0.239591 -0.000538 -0.108545 0.263833 1.036785 383.187707 -0.172579 
1 -17.205870 -0.000122 -0.169044 1.918254 0.541793 383.242658 -0.172579 
1 -16.214786 -0.000427 -0.128797 1.853020 4.566185 383.200984 -0.172579 
1 -3.400850 0.000223 -0.233706 1.079734 7.559758 383.186604 -0.172579 
1 1.528399 0.000148 -0.170989 0.724342 3.566287 383.160343 -0.172579 
1 -5.813439 -0.000828 -0.483618 0.804244 14.214434 383.221969 -0.172579 
1 -2.112847 -0.000610 -0.445112 0.800427 8.704625 383.161117 -0.172579 
1 -9.289943 -0.001372 -0.503775 1.047656 -2.427603 383.232565 -0.172996 
1 -0.659934 -0.001268 -0.178342 0.674838 -5.288445 383.171969 -0.172996 
1 -2.716514 0.000117 -0.395874 0.969081 6.448536 383.293691 -0.172996 
1 -2.288218 -0.000561 -0.105544 0.241361 0.817827 383.189205 -0.172996 
1 4.887646 -0.000379 -0.214039 0.451701 2.377839 383.200626 -0.172996 
1 -4.737354 0.000009 0.078194 0.822625 0.725371 383.149005 -0.172996 
1 -9.282290 -0.001172 -0.189735 1.045628 14.845702 383.160677 -0.172996 
1 1.974670 -0.000057 -0.248567 0.611270 7.940585 383.174359 -0.172996 
1 2.276942 -0.000827 -0.080138 0.365405 -4.584167 383.223936 -0.172996 
1 0.289075 -0.000569 -0.142614 0.746116 -2.171791 383.260689 -0.172996 
1 2.544360 -0.000800 -0.113344 0.582755 0.189302 383.180652 -0.175939 
1 -2.481555 -0.001327 -0.161605 0.635337 -7.972223 383.165434 -0.175939 
1 -2.900278 -0.001160 -0.348261 1.055044 3.936656 383.213173 -0.175939 
1 -11.345717 -0.000516 -0.428075 1.147250 -6.215197 383.196358 -0.175939 
1 -9.042789 -0.000975 -0.491012 1.280366 9.243175 383.167036 -0.175939 
1 -12.136213 -0.001326 -0.172271 1.687382 4.620500 383.227200 -0.175939 
1 -14.811941 -0.001454 0.008547 1.630598 4.440402 383.195260 -0.175939 
1 -16.368560 0.000030 -0.427813 1.840619 5.032996 383.179704 -0.175939 
1 -6.236265 -0.001504 -0.316486 1.317661 6.394582 383.248027 -0.175939 
1 -16.594459 -0.000624 -0.578041 1.481146 -0.653309 383.206663 -0.175939 
1 -2.062061 -0.000132 -0.293534 0.778909 11.536607 383.270671 -0.180627 
1 -9.198284 -0.000028 -0.109076 1.410908 7.402008 383.195987 -0.180627 
1 -10.764412 0.000037 -0.360124 1.598324 3.609750 383.220993 -0.180627 
1 -10.147427 -0.000864 -0.095521 1.174784 12.557055 383.147243 -0.180627 
1 -9.388871 -0.000868 -0.518408 1.192419 11.473200 383.145271 -0.180627 
1 4.406243 -0.001068 -0.288037 0.440592 1.763775 383.224225 -0.180627 
1 -2.186807 -0.000928 -0.220928 0.235850 7.111293 383.203353 -0.180627 
1 -5.677152 -0.000086 -0.318425 1.167672 -1.920160 383.206359 -0.180627 
1 -6.290263 -0.001865 -0.007623 1.174190 0.156104 383.211360 -0.180627 
1 -8.805547 -0.000603 -0.028519 1.304928 6.216542 383.226889 -0.180627 
1 -2.062061 -0.000132 -0.293534 0.778909 11.536607 383.270671 -0.190810 
1 -2.610637 -0.000001 -0.081503 0.985726 -0.387749 383.222254 -0.190810 
1 -4.498945 -0.001288 -0.235033 0.994937 11.105655 383.187203 -0.190810 
1 -17.044142 -0.000741 -0.201662 1.887749 -2.028915 383.211838 -0.190810 
1 -18.260608 -0.000597 -0.740180 1.310131 8.230144 383.184312 -0.190810 
1 -11.052682 -0.000804 -0.661075 0.915024 3.985016 383.220346 -0.190810 
1 -3.745285 0.000010 -0.185293 1.156751 4.736995 383.198265 -0.190810 
1 -8.901811 0.000719 -0.326219 1.482111 1.077232 383.210808 -0.190810 
1 -6.290263 -0.001865 -0.007623 1.174190 0.156104 383.211360 -0.190810 
1 1.839777 -0.000158 -0.205518 0.390197 10.056172 383.221007 -0.190810 
1 -14.410318 -0.001596 -0.199779 1.630207 12.050276 383.242601 -0.212155 
1 2.978340 -0.000519 -0.184701 0.582938 4.855683 383.234587 -0.212155 
1 -10.569534 -0.000097 -0.213619 1.517449 9.443688 383.173022 -0.212155 
1 -4.654358 -0.000634 -0.294338 1.197126 0.624052 383.203780 -0.212155 
1 -16.286078 0.000813 -0.001642 1.682882 6.509564 383.152266 -0.212155 
1 -15.545074 -0.000764 -0.753854 0.949538 6.228673 383.213629 -0.212155 
1 -3.141528 0.000149 -0.134335 1.061228 5.192604 383.208499 -0.212155 
1 -8.901811 0.000719 -0.326219 1.482111 1.077232 383.210808 -0.212155 
1 2.535740 0.000128 -0.392562 0.495027 5.618062 383.204090 -0.212155 
1 -9.846971 -0.000893 -0.674278 0.672847 5.703849 383.222517 -0.212155 
1 -14.410318 -0.001596 -0.199779 1.630207 12.050276 383.242601 -0.255470 
1 -8.231537 0.000326 -0.527595 1.162014 8.346402 383.211327 -0.255470 
1 -4.485852 0.000897 -0.133652 1.152810 -1.202973 383.264055 -0.255470 
1 -2.842417 -0.001381 -0.531297 0.575810 10.993959 383.176521 -0.255470 
1 -2.103684 -0.001182 -0.519864 0.609558 8.282024 383.207382 -0.255470 
1 -12.916950 -0.000676 -0.715596 0.919666 9.189206 383.237289 -0.255470 
1 1.043776 -0.000112 -0.296288 0.751675 2.034880 383.230979 -0.255470 
1 -7.664996 -0.000201 -0.339306 1.129181 -4.868575 383.239128 -0.255470 
1 -2.771953 -0.000668 -0.348266 0.830143 11.658761 383.192220 -0.255470 
1 -25.088687 -0.001027 -0.311672 2.171443 -3.719483 383.210897 -0.255470 
1 -13.626030 -0.000196 -0.520662 1.384577 -1.797286 383.214395 -0.314893 
1 -14.133581 -0.000962 -0.315372 1.801180 5.981172 383.174810 -0.314893 
1 -0.763476 -0.001170 -0.089265 0.856487 1.443947 383.190820 -0.314893 
1 2.828344 -0.001516 -0.102463 0.538935 1.009950 383.180793 -0.314893 
1 -3.707402 -0.000420 -0.340137 0.599621 15.707048 383.226780 -0.314893 
1 4.007195 -0.000510 -0.268518 0.423771 -0.451679 383.201386 -0.314893 
1 -8.602082 -0.000258 -0.354026 1.332847 10.980023 383.165193 -0.314893 
1 -3.643748 -0.000194 -0.147620 0.965031 8.952370 383.226175 -0.314893 
1 -6.424254 -0.000349 -0.266722 1.274423 8.854415 383.221472 -0.314893 
1 -11.258376 -0.000390 0.020060 1.447445 0.350037 383.158270 -0.314893 
1 -5.045111 0.000292 -0.457273 1.049262 7.860003 383.194848 -0.373777 
1 -13.614696 -0.000013 -0.280189 1.792161 3.624348 383.175302 -0.373777 
1 2.418762 0.000546 -0.358563 0.395065 10.533401 383.227814 -0.373777 
1 3.944956 -0.000587 -0.318327 0.366595 4.364675 383.172524 -0.373777 
1 -0.463537 -0.000765 -0.284406 0.881485 5.891976 383.222864 -0.373777 
1 0.886803 -0.000903 -0.313419 0.766561 4.514619 383.270784 -0.373777 
1 -0.226543 -0.000070 -0.380942 0.677007 10.047462 383.169298 -0.373777 
1 -4.194856 -0.000949 -0.261275 0.948125 11.621883 383.223944 -0.373777 
1 -8.321931 -0.000156 -0.559212 0.693412 -1.986710 383.296251 -0.373777 
1 -26.063154 -0.000392 -0.778088 1.539602 2.126217 383.249528 -0.373777 
1 -0.921941 0.000228 -0.115122 0.755956 -4.059772 383.201692 -0.390768 
1 5.135751 -0.000853 -0.247993 0.375469 4.463841 383.203357 -0.390768 
1 -2.670049 -0.000867 -0.064005 0.726860 8.266508 383.207061 -0.390768 
1 1.942763 -0.000885 -0.202429 0.494014 9.164949 383.205023 -0.390768 
1 -1.024029 -0.000860 -0.272186 0.892068 7.427439 383.224418 -0.390768 
1 -3.401224 -0.000997 -0.209164 1.150185 2.186826 383.201741 -0.390768 
1 -11.211412 0.000919 -0.190761 1.639584 0.610759 383.193894 -0.390768 
1 -4.380760 -0.000824 -0.230209 1.128738 -2.020930 383.199413 -0.390768 
1 1.415793 -0.000164 -0.353545 0.509954 11.048443 383.185255 -0.390768 
1 0.607189 -0.000126 -0.298575 0.698796 8.824563 383.181830 -0.390768 
1 -1.101477 -0.000220 -0.336287 0.710460 11.351676 383.160933 -0.459354 
1 -12.368097 -0.000869 -0.357110 0.954059 19.346165 383.237747 -0.459354 
1 -13.088787 0.000239 -0.649497 1.128716 2.802652 383.183578 -0.459354 
1 -1.436316 -0.000902 -0.209071 0.919565 -1.447537 383.181085 -0.459354 
1 -14.442730 -0.000422 -0.077249 1.582844 -6.034995 383.251444 -0.459354 
1 -2.011632 -0.000589 -0.136221 1.003977 1.020188 383.179905 -0.459354 
1 -6.059615 -0.000289 -0.333548 1.311011 4.673042 383.218762 -0.459354 
1 -0.634761 0.000511 -0.299066 0.685913 11.085485 383.272064 -0.459354 
1 1.796142 -0.000786 -0.234571 0.539040 -3.564780 383.214155 -0.459354 
1 0.232492 -0.000040 -0.257018 0.844497 4.775599 383.231156 -0.459354 
1 -4.527375 -0.000551 -0.476276 0.894749 1.252649 383.249094 -0.504020 
1 -3.968293 -0.000405 -0.557655 0.673770 8.042610 383.193591 -0.504020 
1 3.652345 -0.001880 -0.277057 0.331107 8.224541 383.143608 -0.504020 
1 -5.705857 0.000158 -0.176544 1.006011 11.585663 383.169650 -0.504020 
1 -2.455551 0.000122 -0.111621 0.965239 5.586711 383.161368 -0.504020 
1 -1.685728 -0.001562 -0.015843 0.433700 4.545876 383.172498 -0.504020 
1 -2.613826 -0.000851 -0.163299 0.790117 10.414146 383.226774 -0.504020 
1 -9.510250 -0.000303 -0.098953 1.470944 5.261605 383.233168 -0.504020 
1 4.548228 -0.000759 -0.162555 0.326386 0.850731 383.196891 -0.504020 
1 -10.256020 -0.000894 -0.386372 0.965829 -8.056549 383.181097 -0.504020 
1 -0.388105 -0.000860 -0.133675 0.243969 -0.787383 383.205692 -0.499580 
1 3.415523 -0.000720 -0.232195 0.532560 -0.646693 383.229851 -0.499580 
1 -6.763840 -0.001302 -0.575787 0.565125 0.847810 383.211142 -0.499580 
1 1.468651 0.000148 -0.426867 0.520025 6.961705 383.255284 -0.499580 
1 -3.519828 0.000143 -0.115529 1.032621 6.395957 383.259648 -0.499580 
1 3.265535 -0.001017 -0.278086 0.568872 5.884287 383.214682 -0.499580 
1 1.592636 -0.000816 -0.120976 0.554406 6.171017 383.163895 -0.499580 
1 -0.118915 -0.000744 -0.276418 0.676068 -3.228804 383.272428 -0.499580 
1 0.939279 -0.000394 -0.422165 0.581727 7.906971 383.231087 -0.499580 
1 2.781415 -0.001454 -0.191913 0.564617 6.253541 383.202196 -0.499580 
1 -1.652314 -0.000030 -0.254210 1.000322 1.734887 383.204214 -0.539209 
1 -1.229092 -0.000757 -0.473123 0.656082 8.866138 383.296316 -0.539209 
1 -4.605323 -0.001259 -0.405316 1.096395 7.629358 383.230286 -0.539209 
1 0.210795 0.000540 -0.187976 0.806071 -0.700507 383.242856 -0.539209 
1 -0.951286 -0.001060 -0.238314 0.939845 5.222661 383.228536 -0.539209 
1 -8.003034 -0.000934 -0.266015 1.408714 -1.117839 383.197207 -0.539209 
1 2.674093 -0.001169 -0.159194 0.589045 4.635752 383.156681 -0.539209 
1 -0.068132 -0.000739 -0.278987 0.675611 -3.105060 383.277975 -0.539209 
1 -8.092477 -0.000658 -0.539115 1.016312 12.137497 383.157677 -0.539209 
1 -2.336467 -0.000423 -0.108871 0.331958 8.664878 383.235267 -0.539209 
1 -9.646566 -0.000750 -0.395945 1.055670 16.189449 383.191772 -0.540476 
1 0.196083 0.000404 -0.338150 0.362770 -1.276564 383.195067 -0.540476 
1 3.016657 0.000044 -0.291078 0.560368 6.975396 383.202585 -0.540476 
1 -1.632955 -0.000524 -0.039913 0.815787 -2.044127 383.255132 -0.540476 
1 0.740154 -0.000680 -0.167254 0.773415 4.642623 383.195630 -0.540476 
1 3.838545 -0.000213 -0.192800 0.316817 -1.172324 383.264679 -0.540476 
1 2.790532 -0.000205 -0.224451 0.607321 0.026501 383.170010 -0.540476 
1 1.747450 -0.000359 -0.112696 0.331768 4.665817 383.241151 -0.540476 
1 -2.480814 -0.000348 -0.362323 0.452462 16.242047 383.158972 -0.540476 
1 0.829758 -0.000703 -0.072916 0.651429 -1.795060 383.213052 -0.540476 
1 -1.424812 -0.001148 -0.298668 0.957861 5.859291 383.241286 -0.526658 
1 -0.154044 0.000499 -0.345653 0.787152 7.445292 383.138131 -0.526658 
1 3.220575 0.000271 -0.300789 0.561465 5.939544 383.217858 -0.526658 
1 3.993604 -0.000328 -0.307401 0.425127 1.460855 383.231910 -0.526658 
1 -0.997474 -0.000695 -0.438085 0.405141 13.823263 383.247380 -0.526658 
1 2.479722 -0.000992 -0.075136 0.405932 -3.647069 383.164186 -0.526658 
1 3.131995 -0.000660 -0.132076 0.333748 3.915379 383.167417 -0.526658 
1 -4.030856 -0.000330 -0.398202 1.082457 3.888657 383.216428 -0.526658 
1 3.221995 -0.000382 -0.146415 0.466085 5.380789 383.260695 -0.526658 
1 -1.549410 -0.001332 -0.209170 0.769708 10.218051 383.161322 -0.526658 
1 -0.582818 -0.001525 -0.048798 0.424339 5.416116 383.210488 -0.482702 
1 0.507565 -0.001731 -0.319750 0.768137 6.749211 383.151663 -0.482702 
1 3.250030 -0.000767 -0.213335 0.548328 -0.859403 383.226791 -0.482702 
1 3.993497 -0.000374 -0.317106 0.427300 2.147743 383.228936 -0.482702 
1 1.316137 0.000955 -0.206791 0.500068 10.007326 383.186104 -0.482702 
1 3.491080 -0.001717 -0.206719 0.581355 2.182331 383.169374 -0.482702 
1 2.793216 -0.000957 -0.104590 0.508871 -1.961315 383.181913 -0.482702 
1 0.957638 0.000511 -0.253779 0.790192 3.975951 383.178141 -0.482702 
1 3.221995 -0.000382 -0.146415 0.466085 5.380789 383.260695 -0.482702 
1 3.690848 -0.001872 -0.294880 0.521000 6.226324 383.160707 -0.482702 
1 -2.008899 0.000764 -0.088454 0.951473 2.937203 383.270889 -0.499766 
1 0.538188 -0.002237 -0.417115 0.644866 7.295486 383.192592 -0.499766 
1 0.730899 -0.000127 -0.412394 0.584037 2.232792 383.211849 -0.499766 
1 2.380021 -0.000226 -0.181392 0.643153 0.051901 383.239535 -0.499766 
1 -8.350201 -0.001656 -0.027808 1.249811 6.867611 383.159364 -0.499766 
1 -0.820830 0.001043 -0.121608 0.880059 3.748784 383.164417 -0.499766 
1 3.433694 -0.001143 -0.163532 0.554223 0.463618 383.235852 -0.499766 
1 2.460128 -0.001539 -0.121548 0.527443 4.841179 383.161802 -0.499766 
1 -7.508989 -0.000114 -0.028288 1.252659 -2.094394 383.176114 -0.499766 
1 0.748163 -0.001056 -0.446488 0.446582 9.551748 383.204858 -0.499766 
1 -0.402344 -0.000104 -0.181158 0.901100 2.432792 383.278966 -0.538618 
1 -0.078635 -0.001139 -0.225753 0.520590 -6.298290 383.241247 -0.538618 
1 -6.631888 0.000152 -0.382059 1.149032 -1.993438 383.129988 -0.538618 
1 -1.451446 -0.000024 -0.503726 0.473227 10.434022 383.199476 -0.538618 
1 3.100611 -0.001123 -0.100942 0.458996 -2.298634 383.188655 -0.538618 
1 2.750627 -0.000631 -0.214082 0.324634 -2.613573 383.197029 -0.538618 
1 -3.257344 0.000131 -0.544283 0.599714 10.096913 383.220512 -0.538618 
1 -2.562451 -0.000217 -0.376681 0.993366 4.566419 383.225423 -0.538618 
1 -5.979416 0.000030 -0.037671 1.182262 -0.882349 383.180864 -0.538618 
1 -6.607410 -0.000088 -0.075585 0.240443 1.310887 383.219346 -0.538618 
1 -2.125308 -0.000776 -0.272369 0.596246 13.777181 383.221926 -0.579612 
1 0.634464 -0.000916 -0.336414 0.764359 5.285511 383.249874 -0.579612 
1 2.305962 -0.000717 -0.121663 0.533267 -3.123081 383.192833 -0.579612 
1 -4.419250 0.000274 -0.121930 1.182588 2.417603 383.274661 -0.579612 
1 1.023257 -0.001461 -0.032255 0.545533 -1.441055 383.174109 -0.579612 
1 -7.173930 -0.000194 -0.529412 1.084911 5.787818 383.213429 -0.579612 
1 -5.077623 0.000281 -0.539149 0.608108 0.594597 383.227506 -0.579612 
1 -4.721298 0.000612 -0.156169 1.115416 8.001037 383.219657 -0.579612 
1 -1.400550 -0.000398 -0.226946 0.924938 7.146578 383.229597 -0.579612 
1 -0.572589 -0.000126 -0.372044 0.820865 3.373304 383.180149 -0.579612 
1 -2.394217 -0.000254 -0.249349 0.936334 9.102574 383.220395 -0.578116 
1 -4.661134 -0.000512 -0.361320 1.088879 9.463507 383.219236 -0.578116 
1 1.876078 -0.001184 -0.255886 0.422882 11.105557 383.177415 -0.578116 
1 2.833326 -0.001351 -0.266384 0.547319 7.888027 383.176403 -0.578116 
1 3.408801 -0.000904 -0.190468 0.580173 1.732717 383.237509 -0.578116 
1 -1.403408 -0.000419 -0.225793 0.921155 7.249851 383.231481 -0.578116 
1 0.027627 -0.000698 -0.166176 0.280258 7.769163 383.245127 -0.578116 
1 2.615956 -0.001548 -0.224261 0.424123 9.493574 383.212184 -0.578116 
1 -2.486654 -0.000918 -0.299663 0.851304 11.009110 383.221995 -0.578116 
1 0.788743 -0.000859 -0.035353 0.499703 -4.149877 383.211548 -0.578116 
1 -3.055544 0.000715 -0.499208 0.491366 14.337377 383.197582 -0.584634 
1 -4.628624 -0.000514 -0.360451 1.089572 9.391301 383.219314 -0.584634 
1 0.408440 -0.001218 -0.296606 0.609689 10.934937 383.159594 -0.584634 
1 -2.766722 -0.001921 -0.057002 0.293424 2.354522 383.238018 -0.584634 
1 4.550897 -0.000175 -0.246390 0.476792 4.552576 383.242890 -0.584634 
1 -0.694054 0.000413 -0.246394 0.801405 8.806422 383.235225 -0.584634 
1 1.402176 -0.000621 -0.166222 0.315355 7.928189 383.250296 -0.584634 
1 -3.701794 -0.000707 -0.335212 1.092803 7.431524 383.203994 -0.584634 
1 2.994786 -0.001506 -0.254729 0.547755 7.419679 383.191339 -0.584634 
1 2.890534 0.000360 -0.324316 0.402426 10.296343 383.234746 -0.584634 
1 2.722819 -0.000339 -0.166237 0.572982 5.257429 383.207640 -0.517538 
1 3.666033 -0.000123 -0.141332 0.512153 0.459908 383.235922 -0.517538 
1 1.100954 -0.001360 -0.340374 0.477686 -2.228561 383.228965 -0.517538 
1 3.923869 -0.002000 -0.216083 0.521822 0.307484 383.200562 -0.517538 
1 1.896673 -0.001138 -0.117019 0.342114 5.088281 383.163948 -0.517538 
1 -0.406575 -0.000874 -0.146144 0.607800 9.390825 383.172224 -0.517538 
1 -0.477817 -0.000499 -0.304166 0.886361 4.909338 383.223579 -0.517538 
1 4.698386 -0.001068 -0.254386 0.350337 6.081673 383.211691 -0.517538 
1 5.153858 -0.002136 -0.235819 0.413201 3.773166 383.202678 -0.517538 
1 4.342869 0.000148 -0.317388 0.395448 5.823226 383.223846 -0.517538 
1 2.524904 -0.000333 -0.155934 0.567346 5.496196 383.205269 -0.484682 
1 3.511757 -0.001248 -0.240089 0.428936 -2.288303 383.218421 -0.484682 
1 4.805299 -0.001121 -0.206293 0.354400 0.008536 383.197886 -0.484682 
1 4.048958 -0.001238 -0.229781 0.520674 1.047463 383.202928 -0.484682 
1 2.051576 0.000138 -0.298563 0.610658 7.940316 383.200834 -0.484682 
1 2.522611 -0.000548 -0.217693 0.581443 7.026289 383.258261 -0.484682 
1 0.077879 0.000130 -0.181919 0.771108 6.976103 383.203808 -0.484682 
1 1.538428 -0.000432 -0.340302 0.347861 12.001328 383.198906 -0.484682 
1 -7.185996 -0.000033 -0.307131 1.349678 8.131514 383.202880 -0.484682 
1 1.790710 -0.000389 -0.257844 0.674522 6.674440 383.195553 -0.484682 
1 0.853031 -0.000864 -0.309394 0.770676 4.959229 383.175166 -0.442340 
1 4.797646 -0.000991 -0.155697 0.384453 0.886365 383.180250 -0.442340 
1 2.521123 0.000491 -0.092892 0.535390 2.032374 383.206877 -0.442340 
1 1.590156 -0.000808 -0.296938 0.531670 10.537089 383.251197 -0.442340 
1 2.191912 -0.000786 -0.354962 0.600676 3.333892 383.211618 -0.442340 
1 3.071907 -0.000472 -0.167615 0.529039 5.535982 383.246134 -0.442340 
1 -0.179587 0.000061 -0.188237 0.781093 7.425304 383.204768 -0.442340 
1 -4.354173 -0.001791 -0.261763 1.079518 -2.711417 383.235428 -0.442340 
1 3.660592 0.000780 -0.198101 0.438342 6.981883 383.218703 -0.442340 
1 4.945275 -0.000173 -0.233753 0.357385 5.272341 383.207469 -0.442340 
1 -1.642550 -0.000370 -0.330289 0.929179 1.153134 383.219095 -0.384891 
1 5.176251 -0.000930 -0.202752 0.373345 1.316001 383.197544 -0.384891 
1 1.221610 0.000807 -0.099177 0.678791 2.530900 383.207247 -0.384891 
1 2.449765 -0.000945 -0.235714 0.330684 9.833675 383.232118 -0.384891 
1 2.961981 -0.000784 -0.364454 0.418844 8.951745 383.203188 -0.384891 
1 4.153643 -0.000945 -0.192080 0.465846 5.166272 383.229482 -0.384891 
1 3.607839 -0.000268 -0.231857 0.481316 -1.494832 383.201937 -0.384891 
1 -0.647235 0.000328 -0.157123 0.808125 7.000914 383.180414 -0.384891 
1 3.317297 -0.000775 -0.163832 0.430325 -3.645468 383.176923 -0.384891 
1 2.967685 -0.000269 -0.220583 0.524876 7.441489 383.195326 -0.384891 
1 -2.671897 -0.000512 -0.322472 1.003353 0.344360 383.219782 -0.355730 
1 1.615168 -0.000727 -0.118686 0.646744 3.980391 383.170580 -0.355730 
1 -0.142119 -0.001100 -0.184910 0.882265 2.942541 383.161676 -0.355730 
1 3.004278 -0.000467 -0.249576 0.571012 6.623270 383.208066 -0.355730 
1 -1.025769 -0.000915 -0.483069 0.624202 5.245366 383.234071 -0.355730 
1 3.869736 0.000253 -0.245856 0.322205 7.452858 383.137873 -0.355730 
1 0.225138 -0.000995 -0.389523 0.676236 1.556884 383.227967 -0.355730 
1 3.879586 -0.000602 -0.277370 0.514447 1.531719 383.192676 -0.355730 
1 2.633627 -0.001821 -0.320810 0.527008 8.784647 383.169726 -0.355730 
1 0.905299 -0.000997 -0.191400 0.775181 4.731059 383.187539 -0.355730 
1 -3.104246 -0.000543 -0.317094 1.043949 0.293122 383.218365 -0.310403 
1 3.595548 -0.000419 -0.193101 0.566414 2.344692 383.138338 -0.310403 
1 2.952929 -0.001215 -0.303416 0.576350 6.427582 383.203462 -0.310403 
1 4.958783 -0.000432 -0.253380 0.438624 3.127155 383.191569 -0.310403 
1 -1.009662 -0.000837 -0.381515 0.361340 0.757932 383.198708 -0.310403 
1 3.639601 0.000253 -0.221277 0.336584 7.828915 383.259769 -0.310403 
1 1.552975 -0.000937 -0.239849 0.636747 8.115704 383.177683 -0.310403 
1 4.336644 -0.000710 -0.212062 0.444179 5.836670 383.177528 -0.310403 
1 1.359949 -0.001148 -0.314590 0.459278 12.009595 383.138696 -0.310403 
1 -1.101441 -0.000485 -0.348434 0.903756 4.402725 383.222784 -0.310403 
1 -1.993135 -0.000262 -0.113528 0.636072 9.977989 383.194242 -0.296907 
1 -1.761957 -0.000201 -0.212990 1.021525 3.526324 383.174539 -0.296907 
1 3.267191 -0.001300 -0.266093 0.502986 -0.973169 383.256915 -0.296907 
1 0.717968 -0.000606 -0.148832 0.736846 -1.436820 383.209139 -0.296907 
1 -0.201585 -0.000144 -0.079676 0.299944 2.454611 383.175844 -0.296907 
1 2.783927 -0.000501 -0.360600 0.446898 9.341335 383.178648 -0.296907 
1 3.066898 -0.000592 -0.376593 0.467485 5.433334 383.229816 -0.296907 
1 0.520073 -0.000495 -0.246038 0.687393 8.989969 383.201674 -0.296907 
1 2.294249 -0.000402 -0.142428 0.597151 4.707685 383.210671 -0.296907 
1 -2.610707 -0.000381 -0.228712 1.020220 -1.124438 383.249947 -0.296907 
1 2.009606 -0.000784 -0.137974 0.316660 -5.378504 383.218894 -0.257841 
1 -0.247394 -0.000621 -0.300588 0.867660 2.675810 383.191799 -0.257841 
1 0.522557 0.000246 -0.059957 0.468930 -6.237217 383.203521 -0.257841 
1 3.272342 -0.000548 -0.207474 0.590124 1.179463 383.241232 -0.257841 
1 1.234276 -0.000453 -0.304024 0.725746 6.119630 383.172477 -0.257841 
1 2.421649 -0.000484 -0.367991 0.438947 10.066716 383.174494 -0.257841 
1 4.282291 -0.000321 -0.160867 0.457535 3.224970 383.170239 -0.257841 
1 0.995037 -0.000329 -0.313453 0.757735 3.946939 383.219463 -0.257841 
1 0.708907 -0.000188 -0.282250 0.792688 5.219028 383.211134 -0.257841 
1 -1.688893 -0.000119 -0.132007 0.916306 5.843238 383.254096 -0.257841 
1 2.615704 -0.000542 -0.251216 0.301520 8.969331 383.151997 -0.204159 
1 -2.471545 -0.000050 -0.491336 0.548561 1.070660 383.234407 -0.204159 
1 4.128425 -0.000015 -0.138399 0.359376 -2.016769 383.184690 -0.204159 
1 1.018765 -0.001067 -0.204362 0.782364 1.366754 383.167126 -0.204159 
1 -0.148341 -0.000562 -0.388736 0.767404 5.386679 383.200681 -0.204159 
1 4.710587 -0.000173 -0.228136 0.467319 1.830520 383.211718 -0.204159 
1 -1.746918 0.000324 -0.184934 0.726423 10.584474 383.197451 -0.204159 
1 2.140799 -0.000391 -0.234127 0.276988 7.454219 383.215171 -0.204159 
1 4.383852 0.000290 -0.305457 0.414531 6.629699 383.203819 -0.204159 
1 4.217788 0.000339 -0.248478 0.491252 5.493403 383.220804 -0.204159 
1 1.986364 0.000468 -0.057600 0.480861 -2.320710 383.273885 -0.140234 
1 5.085071 -0.000854 -0.180985 0.385354 2.048038 383.211288 -0.140234 
1 0.190890 -0.000116 -0.034993 0.656072 -0.901341 383.208993 -0.140234 
1 1.586421 -0.001359 -0.176277 0.306804 7.886363 383.164960 -0.140234 
1 1.243628 -0.000661 -0.377238 0.344994 9.844785 383.147669 -0.140234 
1 4.322627 -0.000217 -0.227584 0.399191 6.939526 383.197917 -0.140234 
1 1.820603 -0.000200 -0.212652 0.265209 5.966848 383.268906 -0.140234 
1 3.594905 0.000231 -0.353475 0.454364 6.118555 383.123528 -0.140234 
1 3.218115 -0.000712 -0.338825 0.435333 9.079256 383.178851 -0.140234 
1 2.806349 -0.000911 -0.079601 0.469186 -1.144626 383.195989 -0.140234 
1 5.077150 0.000069 -0.188922 0.391191 2.983820 383.201477 -0.039524 
1 2.873206 -0.000309 -0.101751 0.479104 -2.486400 383.193332 -0.039524 
1 3.574278 -0.000160 -0.133114 0.485048 -1.220676 383.201921 -0.039524 
1 0.962424 -0.000176 -0.358931 0.359689 12.756435 383.152471 -0.039524 
1 1.043857 -0.000505 -0.421272 0.431379 3.231937 383.244345 -0.039524 
1 3.996197 -0.000173 -0.254623 0.499309 6.082741 383.195283 -0.039524 
1 4.301621 -0.000440 -0.292552 0.473102 5.510807 383.236490 -0.039524 
1 4.223216 -0.000054 -0.194299 0.328770 -0.963902 383.242215 -0.039524 
1 3.956685 -0.001241 -0.331420 0.459992 3.871294 383.178641 -0.039524 
1 2.997030 -0.001218 -0.088775 0.440705 1.827578 383.180672 -0.039524 
1 4.840964 -0.000085 -0.218479 0.339612 4.817764 383.195352 0.063697 
1 3.857011 -0.000422 -0.133926 0.403390 -2.531864 383.172261 0.063697 
1 4.932216 -0.001425 -0.169760 0.358997 0.878325 383.186129 0.063697 
1 4.103427 -0.000447 -0.315694 0.426519 2.440612 383.193063 0.063697 
1 3.260661 -0.000144 -0.113876 0.419212 -3.263449 383.207731 0.063697 
1 3.511552 -0.000257 -0.254089 0.370726 9.073577 383.176328 0.063697 
1 1.240982 -0.000868 -0.152551 0.686982 5.514206 383.259196 0.063697 
1 2.511916 -0.000400 -0.230755 0.516114 8.629226 383.214853 0.063697 
1 4.393816 -0.001256 -0.303189 0.449799 3.128914 383.190649 0.063697 
1 4.305309 0.000138 -0.187997 0.473203 4.201790 383.191588 0.063697 
1 4.269456 -0.000008 -0.282613 0.341742 3.967425 383.197331 0.164842 
1 1.680645 -0.000479 -0.298353 0.462156 11.460597 383.214610 0.164842 
1 4.806834 0.000238 -0.221466 0.436711 0.719581 383.249557 0.164842 
1 1.305811 0.000516 -0.282293 0.532550 10.808235 383.265140 0.164842 
1 3.133136 -0.000061 -0.154978 0.570125 3.181723 383.178873 0.164842 
1 5.019503 -0.000972 -0.238912 0.414558 1.517695 383.260641 0.164842 
1 3.184935 -0.000121 -0.372979 0.456704 5.460511 383.180382 0.164842 
1 2.815767 -0.001792 -0.264142 0.615872 5.577102 383.203752 0.164842 
1 4.615522 -0.001042 -0.242718 0.399743 6.533974 383.233316 0.164842 
1 5.176921 0.000256 -0.209345 0.360702 1.660616 383.205025 0.164842 
1 5.008454 -0.000360 -0.186262 0.358319 0.544103 383.258840 0.243181 
1 3.131402 -0.000570 -0.343459 0.493938 7.849663 383.220161 0.243181 
1 3.562239 -0.000151 -0.246944 0.568983 4.296021 383.276720 0.243181 
1 1.394588 -0.000127 -0.356952 0.457498 11.861966 383.221176 0.243181 
1 3.781311 -0.001729 -0.172057 0.520141 3.759971 383.193896 0.243181 
1 -2.106386 -0.000555 -0.133495 1.013479 2.719943 383.152662 0.243181 
1 3.330815 -0.001043 -0.259636 0.584688 2.003108 383.184658 0.243181 
1 4.251332 -0.001466 -0.169783 0.466061 3.733779 383.221014 0.243181 
1 3.240934 -0.001609 -0.289764 0.486610 8.540578 383.220402 0.243181 
1 3.131923 -0.001265 -0.369726 0.398953 6.790885 383.233111 0.243181 
1 3.441590 -0.001426 -0.244714 0.330687 8.531200 383.138198 0.341629 
1 3.973343 0.000036 -0.179738 0.492822 4.384874 383.276267 0.341629 
1 3.961040 -0.000589 -0.331699 0.431033 6.919371 383.221441 0.341629 
1 4.525270 -0.000491 -0.273601 0.436201 6.324208 383.192843 0.341629 
1 1.331228 -0.000042 -0.314333 0.674063 0.599570 383.247001 0.341629 
1 -0.010209 -0.000470 -0.362036 0.479601 13.424627 383.125266 0.341629 
1 5.008889 -0.001065 -0.255061 0.370794 2.509128 383.241209 0.341629 
1 2.766193 -0.000197 -0.346502 0.565173 5.713064 383.217964 0.341629 
1 3.693704 0.000092 -0.257869 0.426632 -1.443772 383.241665 0.341629 
1 3.699984 -0.001127 -0.284050 0.503060 0.739510 383.225020 0.341629 
1 0.453621 -0.000506 -0.070960 0.578335 -4.682351 383.191048 0.444198 
1 4.010586 -0.000012 -0.193351 0.299594 1.313919 383.219693 0.444198 
1 4.583650 -0.000705 -0.185696 0.464008 2.995819 383.182983 0.444198 
1 2.354074 -0.000176 -0.084176 0.537459 -1.023205 383.194194 0.444198 
1 4.638097 0.000590 -0.248485 0.372695 6.669120 383.184554 0.444198 
1 5.025228 -0.000481 -0.231567 0.427282 1.786720 383.202379 0.444198 
1 4.572761 -0.000772 -0.259580 0.354718 1.685982 383.283978 0.444198 
1 1.620170 -0.000141 -0.405650 0.552161 7.671375 383.180377 0.444198 
1 2.914632 0.000240 -0.251794 0.476001 -2.437850 383.235432 0.444198 
1 3.877984 -0.001430 -0.340946 0.451996 4.612919 383.207246 0.444198 
1 2.782622 -0.001646 -0.186123 0.568726 5.979150 383.179560 0.526524 
1 -1.728354 -0.000815 -0.163909 0.605554 11.360879 383.242058 0.526524 
1 3.244250 -0.001127 -0.205835 0.575093 4.942134 383.200878 0.526524 
1 4.578873 -0.000140 -0.242185 0.463271 5.099575 383.185928 0.526524 
1 3.865143 -0.001241 -0.301832 0.379890 8.554998 383.175671 0.526524 
1 4.677574 -0.000194 -0.261495 0.340447 3.984969 383.183959 0.526524 
1 4.843108 -0.000594 -0.232529 0.389078 0.358401 383.132707 0.526524 
1 2.454217 -0.000685 -0.213863 0.555251 7.678150 383.199267 0.526524 
1 2.301903 -0.000316 -0.128587 0.611514 3.275261 383.215519 0.526524 
1 -0.755142 -0.000163 -0.346876 0.726675 10.426785 383.221247 0.526524 
1 0.400342 -0.000009 -0.118022 0.758511 -0.873721 383.262032 0.620080 
1 3.233668 -0.000395 -0.170463 0.479180 6.253453 383.219704 0.620080 
1 3.180960 -0.001350 -0.223205 0.583070 5.274168 383.204567 0.620080 
1 4.315766 -0.000506 -0.317798 0.402763 6.228836 383.136035 0.620080 
1 4.739668 -0.000175 -0.160523 0.418265 1.286903 383.159851 0.620080 
1 1.019951 -0.000575 -0.204261 0.725240 6.487952 383.216800 0.620080 
1 4.124700 -0.000370 -0.219884 0.470326 -0.710516 383.180393 0.620080 
1 4.197521 -0.000653 -0.209172 0.487901 4.951863 383.203725 0.620080 
1 3.333035 -0.001578 -0.254024 0.568991 5.718284 383.171089 0.620080 
1 3.761081 -0.000262 -0.307739 0.518212 5.256919 383.234356 0.620080 
1 2.634706 -0.000844 -0.258116 0.649516 2.676802 383.191481 0.714526 
1 4.326396 -0.001038 -0.184355 0.449856 4.702838 383.193473 0.714526 
1 2.652331 -0.001074 -0.283988 0.461114 -2.146298 383.191694 0.714526 
1 4.333109 -0.000611 -0.228327 0.438172 6.391368 383.193268 0.714526 
1 1.971057 -0.001550 -0.124191 0.651748 2.252444 383.285442 0.714526 
1 0.270906 0.000267 -0.235661 0.838649 4.967442 383.236457 0.714526 
1 4.326572 -0.000263 -0.270932 0.381062 7.628332 383.199292 0.714526 
1 -1.234994 0.000192 -0.450204 0.594470 11.806706 383.218003 0.714526 
1 4.663039 -0.000623 -0.240586 0.417189 6.112351 383.190880 0.714526 
1 4.370388 -0.000587 -0.271436 0.456456 6.304302 383.210135 0.714526 
1 0.689101 -0.000268 -0.412988 0.646832 5.216758 383.241555 0.794649 
1 1.688224 -0.002207 -0.221529 0.485827 -4.748573 383.206152 0.794649 
1 4.126356 -0.001702 -0.182103 0.389932 5.819925 383.234994 0.794649 
1 2.282754 -0.000111 -0.306794 0.543331 9.141373 383.232742 0.794649 
1 0.490263 -0.000078 -0.350493 0.737514 7.075655 383.157195 0.794649 
1 2.720012 -0.001004 -0.382809 0.437622 8.428602 383.219055 0.794649 
1 4.201629 -0.000414 -0.286965 0.431380 7.386936 383.219665 0.794649 
1 0.449928 -0.001478 -0.449272 0.477440 3.692281 383.187385 0.794649 
1 4.229031 -0.000281 -0.200255 0.467663 5.181841 383.178717 0.794649 
1 4.699084 -0.000077 -0.181693 0.425399 3.764207 383.213910 0.794649 
1 1.029943 -0.000444 -0.408560 0.617382 4.361756 383.229262 0.892781 
1 2.340378 -0.001011 -0.255547 0.430241 -3.644578 383.212360 0.892781 
1 3.722435 -0.000243 -0.220132 0.362420 7.921197 383.190872 0.892781 
1 3.245181 -0.000484 -0.315441 0.549752 6.056664 383.158902 0.892781 
1 2.393523 -0.000711 -0.305229 0.534808 -0.833254 383.198468 0.892781 
1 4.987619 -0.000931 -0.226891 0.369009 0.902583 383.235781 0.892781 
1 2.340065 -0.000240 -0.252552 0.667487 1.783238 383.150368 0.892781 
1 2.322443 -0.001034 -0.311909 0.566854 8.480769 383.242966 0.892781 
1 4.486986 -0.000240 -0.230595 0.360036 6.679083 383.226349 0.892781 
1 4.148544 -0.000576 -0.268993 0.489882 5.927379 383.215377 0.892781 
1 4.445594 -0.000282 -0.177088 0.399626 -1.568887 383.164178 1.028876 
1 2.943127 -0.000888 -0.249318 0.362698 9.813153 383.208402 1.028876 
1 4.485979 -0.000811 -0.139748 0.360452 -0.012453 383.183448 1.028876 
1 4.555414 -0.001119 -0.297126 0.448569 4.529866 383.208050 1.028876 
1 2.602633 -0.000559 -0.079259 0.501848 -0.680923 383.205741 1.028876 
1 5.124688 -0.000808 -0.240429 0.356603 3.477851 383.278730 1.028876 
1 2.517088 -0.000092 -0.336581 0.459588 10.192318 383.220963 1.028876 
1 5.143138 -0.000715 -0.237736 0.417449 3.418169 383.118433 1.028876 
1 1.898510 -0.000545 -0.219340 0.655553 6.547139 383.240292 1.028876 
1 4.380042 -0.000894 -0.156922 0.351211 -1.527875 383.194808 1.028876 
1 3.251621 -0.000340 -0.327784 0.542224 5.704306 383.233626 1.163633 
1 3.583713 -0.001578 -0.216294 0.541744 5.357449 383.238518 1.163633 
1 3.749141 -0.001053 -0.172911 0.534739 3.052758 383.197812 1.163633 
1 3.863699 -0.000303 -0.151198 0.508738 1.284424 383.200710 1.163633 
1 3.748417 -0.000621 -0.246768 0.495459 6.866526 383.160994 1.163633 
1 5.211047 -0.000844 -0.232933 0.374107 3.923909 383.161156 1.163633 
1 -1.460159 -0.000389 -0.176339 0.876113 7.617974 383.206920 1.163633 
1 5.000255 -0.000785 -0.263428 0.423498 3.997764 383.157919 1.163633 
1 4.700571 -0.000607 -0.193061 0.462422 1.812705 383.192543 1.163633 
1 4.218347 -0.001528 -0.301240 0.420123 1.731900 383.225931 1.163633 
