1 -79.835225 -0.051579 -0.123463 0.971571 129.151050 547.293331 0.000000 
1 -11304.981871 0.012253 -0.101174 0.655445 177.833201 547.293941 0.000000 
1 -11306.049902 -0.000336 -0.073723 2.093504 42.816419 547.281678 0.000000 
1 -72.935994 0.024809 -0.225787 1.081631 -26.201729 547.303029 0.000000 
1 -11299.046671 -0.022637 -0.181756 0.660724 2.945969 547.312353 0.000000 
1 -11309.367500 -0.021685 -0.014116 1.257958 105.932206 547.299720 0.000000 
1 -11309.538499 -0.005601 -0.283909 1.497876 85.419708 547.283845 0.000000 
1 -70.430939 -0.035829 -0.220893 1.512330 141.188680 547.283556 0.000000 
1 -13.261616 0.001119 -0.134448 0.729163 41.403259 547.295024 0.000000 
1 -11317.247800 -0.012551 -0.131335 1.218752 21.103782 547.291465 0.000000 
1 -11308.381522 -0.063818 -0.149764 1.105312 102.015093 547.282806 -0.124236 
1 -11308.993138 -0.030721 0.151913 1.623939 79.108715 547.307297 -0.124236 
1 -11309.793731 -0.063143 -0.085118 1.201942 -4.107784 547.286438 -0.124236 
1 -22666.651424 -0.016586 -0.066071 0.334815 1.858416 547.290436 -0.124236 
1 -11307.456438 -0.021360 -0.163014 1.105839 -8.864078 547.277702 -0.124236 
1 -11302.517116 0.008869 -0.242389 1.166399 78.942008 547.297703 -0.124236 
1 -11305.842507 0.013033 -0.165170 1.246309 -3.120884 547.292755 -0.124236 
1 -11304.019017 -0.000745 -0.116306 0.918843 7.784310 547.297255 -0.124236 
1 -11298.176393 0.012214 -0.132885 0.698778 29.054752 547.295961 -0.124236 
1 -2.979729 -0.067796 -0.086307 1.285341 64.391302 547.290786 -0.124236 
1 1.080835 -0.068563 -0.092197 1.609510 50.207266 547.280557 -0.209577 
1 -11295.721290 -0.049683 -0.016772 0.730748 32.163201 547.281806 -0.209577 
1 -7.033746 -0.021232 -0.238961 1.193280 66.638611 547.285882 -0.209577 
1 -12.096813 -0.036408 -0.175622 1.024730 68.993165 547.288294 -0.209577 
1 -11306.389966 -0.003814 0.029679 0.957848 100.672426 547.309457 -0.209577 
1 -11303.060986 -0.022013 -0.297942 1.232269 2.264825 547.290362 -0.209577 
1 -11305.842507 0.013033 -0.165170 1.246309 -3.120884 547.292755 -0.209577 
1 -11307.540474 -0.019442 -0.190401 1.445341 -4.508555 547.273406 -0.209577 
1 -11323.280868 -0.042167 -0.075607 1.274424 24.552527 547.282846 -0.209577 
1 -2.979729 -0.067796 -0.086307 1.285341 64.391302 547.290786 -0.209577 
1 -2.032768 -0.028896 -0.374320 0.913190 45.831560 547.306050 -0.247698 
1 -52.121346 -0.058784 -0.209554 0.567380 76.991980 547.294866 -0.247698 
1 -8.528998 -0.012831 0.131526 0.811826 48.746086 547.303487 -0.247698 
1 -17.875322 -0.089797 -0.020677 0.735993 40.873765 547.293455 -0.247698 
1 -11318.127322 -0.021644 -0.175461 0.993067 26.600801 547.304324 -0.247698 
1 2.689670 -0.044366 0.112550 1.446245 54.234397 547.301017 -0.247698 
1 -11302.314004 -0.028232 -0.198631 1.041601 28.894829 547.296536 -0.247698 
1 -11314.277014 -0.039118 -0.028509 1.765545 112.687198 547.301815 -0.247698 
1 -112.062543 -0.075582 -0.218083 1.672884 122.382800 547.302867 -0.247698 
1 -14.298983 -0.018220 -0.195522 1.039013 37.343082 547.302663 -0.247698 
1 -11310.304115 -0.060594 -0.151459 1.319954 106.820272 547.272509 -0.285621 
1 -102.512096 -0.069522 -0.177294 1.480746 -17.283149 547.309251 -0.285621 
1 -8.664040 -0.084002 -0.172633 0.642530 57.980802 547.295411 -0.285621 
1 -17.875322 -0.089797 -0.020677 0.735993 40.873765 547.293455 -0.285621 
1 -86.021597 -0.042205 -0.206793 1.508705 -23.627091 547.304772 -0.285621 
1 -11302.071628 -0.054052 -0.309150 1.175555 180.274480 547.305452 -0.285621 
1 -5.428568 -0.045998 -0.047807 1.364074 66.393559 547.291898 -0.285621 
1 -11308.937959 -0.045532 -0.140625 1.245197 106.478123 547.285052 -0.285621 
1 -66.549375 0.001974 -0.379944 1.247745 144.649343 547.293498 -0.285621 
1 3.178298 -0.022708 -0.198496 1.136311 50.204018 547.303940 -0.285621 
1 -150.213839 -0.020922 0.032990 1.876779 -6.770987 547.301153 -0.323583 
1 -28.730676 -0.025201 -0.287696 0.612949 71.598434 547.293401 -0.323583 
1 -11319.918424 0.010312 -0.051598 0.796631 -52.405147 547.304344 -0.323583 
1 -6.166804 -0.006837 0.044789 1.057552 43.404394 547.300790 -0.323583 
1 0.610583 0.037560 -0.125102 1.081447 61.187607 547.306900 -0.323583 
1 -77.184562 -0.085384 -0.096399 1.334576 -25.031116 547.271086 -0.323583 
1 -0.087487 -0.003803 -0.102927 1.323782 62.001880 547.299741 -0.323583 
1 -11310.472425 -0.018550 -0.031517 0.577582 177.687578 547.298673 -0.323583 
1 -11326.165766 -0.022099 -0.138933 0.544610 79.840858 547.279381 -0.323583 
1 3.364379 -0.022519 -0.190534 1.134572 50.664672 547.302865 -0.323583 
1 -11295.402373 -0.081818 -0.106566 0.688889 35.336339 547.293577 -0.386648 
1 -42.609441 -0.000306 -0.116359 0.720205 77.748493 547.296254 -0.386648 
1 -11335.916691 0.007944 0.066972 0.679733 92.055015 547.283703 -0.386648 
1 -66.842176 -0.042385 -0.289000 1.006539 147.700870 547.296619 -0.386648 
1 -11309.371716 -0.048654 0.018415 1.090270 102.277553 547.293873 -0.386648 
1 -73.505243 0.043349 -0.097084 1.342747 -26.590565 547.271337 -0.386648 
1 0.761631 -0.051895 -0.164447 1.332707 46.791449 547.299296 -0.386648 
1 -79.340283 0.013263 -0.109223 1.863066 -36.977125 547.294154 -0.386648 
1 -11311.857066 -0.023494 0.012202 1.121931 7.199287 547.302308 -0.386648 
1 -11315.762643 -0.023584 0.068821 0.870101 -3.477871 547.273729 -0.386648 
1 -11307.432313 -0.053754 -0.115908 1.695967 28.627099 547.297338 -0.449158 
1 -115.170218 -0.040961 0.081303 1.726050 124.654818 547.277368 -0.449158 
1 2.432029 -0.040903 -0.124132 1.506166 52.212662 547.282564 -0.449158 
1 -11304.808614 -0.066702 -0.323200 1.195680 76.356454 547.310163 -0.449158 
1 -18.776784 -0.070716 -0.141775 0.648545 42.677275 547.293373 -0.449158 
1 -11324.169416 -0.043594 -0.022417 2.046628 5.684758 547.275110 -0.449158 
1 1.309385 -0.019543 0.033510 1.349100 60.413078 547.297102 -0.449158 
1 -102.071578 -0.013995 -0.034380 1.068481 -12.669792 547.304841 -0.449158 
1 -11308.188063 -0.025951 -0.217811 0.700336 27.404900 547.277057 -0.449158 
1 -11322.154692 -0.049241 -0.172897 1.091560 90.507978 547.292298 -0.449158 
1 -5.066935 -0.036667 -0.284841 1.221835 65.094516 547.305671 -0.499215 
1 -74.824236 -0.036017 -0.211791 1.248158 -47.513459 547.279392 -0.499215 
1 -11328.745637 -0.014479 -0.327495 0.415144 -20.605397 547.283381 -0.499215 
1 -11307.595237 -0.005996 -0.134358 1.140431 -6.674647 547.302952 -0.499215 
1 -11300.485971 -0.016851 -0.207957 1.614415 73.304481 547.290398 -0.499215 
1 -82.084275 -0.024577 -0.151176 1.709682 -27.687851 547.285319 -0.499215 
1 -33.984185 -0.065611 -0.193030 0.842278 76.117177 547.301723 -0.499215 
1 -11314.935240 -0.053968 -0.191346 1.779818 110.687717 547.323685 -0.499215 
1 -73.201453 -0.003669 -0.075526 0.596441 83.071680 547.290827 -0.499215 
1 -83.599223 0.003373 -0.217872 1.788004 135.090012 547.281109 -0.499215 
1 1.894981 -0.002832 0.078533 1.465314 50.753140 547.325735 -0.524610 
1 2.131421 -0.016246 -0.198946 1.116761 48.415552 547.295100 -0.524610 
1 -74.529449 0.005205 -0.147585 1.578038 149.607340 547.279125 -0.524610 
1 3.473304 -0.062310 -0.096742 1.191919 55.800202 547.300769 -0.524610 
1 -5.778677 -0.013143 0.155552 0.905660 59.458643 547.313947 -0.524610 
1 -98.380150 -0.045482 -0.034736 0.479688 136.258273 547.290699 -0.524610 
1 -11316.028756 -0.053281 0.032376 1.647933 106.089544 547.289446 -0.524610 
1 -5.602305 -0.050658 -0.086643 1.254187 66.279648 547.282452 -0.524610 
1 -50.815233 0.000371 -0.075513 0.650193 78.489002 547.291154 -0.524610 
1 -11310.241504 -0.012912 0.023711 1.382192 115.672993 547.289508 -0.524610 
1 -8.310147 -0.082859 -0.037506 1.193880 67.620035 547.263596 -0.554488 
1 -231.163807 -0.033032 -0.108215 0.850679 -46.110531 547.301975 -0.554488 
1 -4.853183 -0.061197 -0.357841 1.620963 62.008274 547.319874 -0.554488 
1 -88.295726 -0.091557 -0.150226 1.783265 153.901412 547.312980 -0.554488 
1 -1.310355 -0.014823 0.090951 1.005565 49.670391 547.268079 -0.554488 
1 -82.107854 -0.071351 -0.095254 1.639831 134.094942 547.285464 -0.554488 
1 1.620444 -0.036131 -0.146347 1.413637 59.098358 547.305116 -0.554488 
1 -13.814183 -0.017876 0.040302 1.681183 37.833714 547.278552 -0.554488 
1 -11324.688864 -0.074965 -0.065781 1.221221 25.688514 547.282269 -0.554488 
1 -11313.011194 -0.009135 -0.228829 0.898634 -60.258998 547.300810 -0.554488 
1 -77.752473 -0.063066 -0.137343 1.318244 155.143683 547.302003 -0.640140 
1 -11331.416142 -0.015743 0.082241 2.144705 25.015436 547.275422 -0.640140 
1 -11302.639682 0.014494 0.070743 0.760198 101.692989 547.269490 -0.640140 
1 -5.112845 -0.032727 -0.146125 1.089445 65.446913 547.283134 -0.640140 
1 -1.411605 -0.016661 0.102917 0.995738 50.278987 547.269218 -0.640140 
1 -11304.145722 -0.037927 0.021639 1.346614 75.176007 547.284252 -0.640140 
1 -264.940508 -0.064192 -0.251195 0.577215 145.717993 547.303899 -0.640140 
1 -11311.328089 0.002441 -0.218539 1.609888 107.036656 547.296870 -0.640140 
1 -11300.104881 0.012824 -0.139114 0.725975 8.403635 547.284776 -0.640140 
1 -11322.124874 -0.012663 0.023200 1.796259 90.221534 547.299566 -0.640140 
1 -11315.290489 -0.027009 -0.071339 1.850692 110.075011 547.288970 -0.665849 
1 -91.786691 -0.001871 -0.139659 1.499349 128.197611 547.294380 -0.665849 
1 -110.401125 -0.067527 -0.061807 1.935507 -52.765610 547.283233 -0.665849 
1 -5.112845 -0.032727 -0.146125 1.089445 65.446913 547.283134 -0.665849 
1 -68.050638 0.016756 -0.290460 1.257283 147.951569 547.310290 -0.665849 
1 -148.359015 -0.035782 0.089584 2.335070 -56.181045 547.308819 -0.665849 
1 -69.443538 -0.015070 -0.083747 1.092939 136.235064 547.279621 -0.665849 
1 1.023434 -0.017195 -0.141786 0.880825 57.478025 547.310532 -0.665849 
1 -11316.487701 0.023446 -0.288587 1.589226 90.750719 547.288121 -0.665849 
1 -20.383062 -0.025226 -0.146813 0.909793 72.038140 547.275631 -0.665849 
1 -11314.270546 0.005082 -0.157548 1.294877 16.938493 547.310603 -0.699186 
1 -70.980440 0.000733 -0.229011 1.551064 -37.884308 547.306383 -0.699186 
1 -84.327410 -0.004367 0.055289 1.669265 -23.863105 547.309768 -0.699186 
1 -17.234125 -0.024331 -0.272496 0.834430 37.445024 547.282493 -0.699186 
1 -250.759558 -0.012785 -0.097549 0.544678 -35.428907 547.301917 -0.699186 
1 -63.562409 -0.019209 -0.004725 0.524025 31.323905 547.299106 -0.699186 
1 -73.815187 -0.028210 -0.021004 1.489068 138.288367 547.295990 -0.699186 
1 -11313.760535 -0.022744 -0.022222 1.305390 9.510274 547.305265 -0.699186 
1 -83.816600 -0.041865 -0.208701 1.052979 127.046799 547.298494 -0.699186 
1 -3.245023 0.008642 -0.051095 0.795736 59.286870 547.295232 -0.699186 
1 -3.538863 -0.036518 -0.054118 1.270710 43.361144 547.297246 -0.732154 
1 -110.996047 -0.036316 -0.336484 1.486644 120.528300 547.292443 -0.732154 
1 -82.931227 -0.009880 -0.114599 1.794754 136.640959 547.288918 -0.732154 
1 -0.652165 -0.033450 -0.045041 1.593844 47.224239 547.279035 -0.732154 
1 -11304.254989 -0.079975 -0.197258 1.292922 73.026002 547.285923 -0.732154 
1 3.489218 -0.041824 -0.276730 1.255869 53.946378 547.293889 -0.732154 
1 -79.985736 -0.032813 0.021209 1.491520 134.593395 547.295496 -0.732154 
1 -94.761189 -0.003485 0.046924 1.322036 -15.864496 547.269200 -0.732154 
1 -11302.994734 -0.029644 -0.159745 0.950577 3.287305 547.299300 -0.732154 
1 -13.991942 -0.048564 -0.054414 1.459441 71.219941 547.285845 -0.732154 
1 -7.249008 -0.027091 0.115163 1.880147 43.827318 547.283494 -0.765578 
1 -250.044569 0.026054 -0.037033 0.548450 135.102253 547.281452 -0.765578 
1 -123.341471 -0.011790 -0.259475 2.066964 161.521629 547.281968 -0.765578 
1 -2.214311 -0.025540 -0.116615 1.703463 60.655931 547.295833 -0.765578 
1 -133.023289 -0.019474 -0.093301 2.033311 -57.770444 547.281324 -0.765578 
1 -86.609370 -0.013158 -0.051806 1.533817 -21.933322 547.298956 -0.765578 
1 -11323.709651 -0.025776 -0.033495 0.695852 85.964262 547.288296 -0.765578 
1 -99.321369 -0.045873 -0.023466 1.152931 166.040144 547.305065 -0.765578 
1 -11314.022447 -0.058702 -0.233798 0.878176 26.043730 547.284634 -0.765578 
1 0.666472 -0.003261 -0.046291 1.666103 52.626914 547.295110 -0.765578 
1 3.096712 -0.037358 -0.194498 0.975119 53.774084 547.319041 -0.784838 
1 2.692244 0.006882 -0.248862 1.379048 53.555112 547.307754 -0.784838 
1 -100.749097 -0.001208 -0.021030 1.854081 130.389652 547.305891 -0.784838 
1 0.854355 -0.010974 -0.325772 0.964329 47.778601 547.289130 -0.784838 
1 -75.064214 -0.024136 0.103127 1.520878 -27.327923 547.289583 -0.784838 
1 0.398863 -0.039948 -0.113562 1.530638 59.975437 547.282072 -0.784838 
1 -111.181854 -0.011703 0.038292 1.448106 -57.130730 547.284677 -0.784838 
1 -15.345220 -0.013658 -0.090086 0.547383 52.483989 547.300518 -0.784838 
1 -11313.044192 -0.033652 -0.208589 2.174626 81.598874 547.303820 -0.784838 
1 -113.754658 -0.078635 -0.043911 0.409432 -29.056224 547.297461 -0.784838 
1 -76.643382 -0.052002 -0.049491 1.393543 -25.398347 547.280095 -0.829176 
1 -208.975552 -0.021984 -0.211294 2.362696 -2.493417 547.283064 -0.829176 
1 -8.675359 -0.046845 -0.195274 1.477285 67.650786 547.279698 -0.829176 
1 -93.948790 -0.024650 0.170096 1.158712 -13.976835 547.297954 -0.829176 
1 -104.897824 -0.030521 -0.060847 1.810126 127.704076 547.301773 -0.829176 
1 -227.057342 -0.029736 -0.103491 0.704825 138.650187 547.305744 -0.829176 
1 -11302.620899 -0.040837 -0.164957 1.182937 73.344675 547.292732 -0.829176 
1 2.361730 -0.000381 -0.065796 0.972631 52.658145 547.297638 -0.829176 
1 -11317.009523 -0.026724 -0.359792 1.950547 105.829554 547.316954 -0.829176 
1 -70.131629 -0.045840 -0.122582 0.736425 -33.233585 547.305318 -0.829176 
1 -113.196573 -0.016125 -0.078485 1.292463 -11.434628 547.292192 -0.830045 
1 -98.948149 -0.055956 -0.053176 1.325762 -15.649419 547.288025 -0.830045 
1 -7.293287 -0.062187 -0.064736 1.407618 67.490660 547.282829 -0.830045 
1 -11.706514 0.015861 -0.112420 2.059250 62.095128 547.287811 -0.830045 
1 -76.627667 -0.006339 0.101690 1.551727 153.446285 547.287915 -0.830045 
1 -128.074217 0.006011 -0.069221 1.451482 -8.827273 547.266669 -0.830045 
1 -5.519392 -0.049381 -0.120536 1.038644 65.326101 547.287938 -0.830045 
1 -0.603579 0.019245 -0.060027 1.638767 59.698870 547.293490 -0.830045 
1 3.501063 -0.048965 -0.173882 1.202288 51.135181 547.277025 -0.830045 
1 0.128813 -0.089403 -0.027655 1.155142 47.585516 547.287501 -0.830045 
1 -99.338073 -0.001945 -0.273019 1.571195 -19.893941 547.296239 -0.831664 
1 -115.088729 -0.052479 -0.085284 1.331045 -11.396665 547.286448 -0.831664 
1 -72.455218 -0.011592 -0.147244 1.199543 -26.600041 547.265582 -0.831664 
1 3.331105 -0.018828 -0.295630 1.231328 51.964847 547.284651 -0.831664 
1 -70.420514 0.007198 -0.117460 1.524551 143.907806 547.300608 -0.831664 
1 -2.375583 -0.075254 -0.085911 0.777999 53.601231 547.314623 -0.831664 
1 -40.691870 0.018430 -0.012115 0.591734 34.355925 547.287486 -0.831664 
1 -8.262546 -0.042436 -0.009923 1.362955 40.406355 547.277945 -0.831664 
1 2.508025 -0.049247 -0.160328 1.252286 49.040276 547.263189 -0.831664 
1 -5.845534 -0.052476 -0.125353 1.673453 42.590453 547.271463 -0.831664 
1 -93.786978 0.000179 0.081320 1.501188 -17.563166 547.299818 -0.833309 
1 -67.211168 -0.053935 -0.122494 1.351189 144.203200 547.301379 -0.833309 
1 -1.793789 -0.059238 0.078692 0.923564 55.490844 547.298583 -0.833309 
1 -64.707262 -0.005332 -0.221136 1.149710 141.753885 547.273691 -0.833309 
1 -99.081500 -0.006518 -0.162226 1.594004 160.968596 547.321501 -0.833309 
1 -69.737893 -0.018068 -0.283960 1.002277 -45.917400 547.296953 -0.833309 
1 -8.102341 -0.002447 -0.210342 0.983154 66.827510 547.306722 -0.833309 
1 -2.983582 0.012922 -0.231642 1.722807 57.745530 547.317193 -0.833309 
1 2.579510 -0.057586 -0.222936 0.955008 54.994534 547.298550 -0.833309 
1 -7.180785 -0.049993 -0.106264 1.793178 42.703699 547.281602 -0.833309 
1 -66.962992 -0.026369 -0.362698 1.009584 136.165545 547.321503 -0.835520 
1 -71.371315 -0.077414 -0.080664 1.428654 149.635498 547.305250 -0.835520 
1 -22.897842 -0.080607 0.037903 1.344297 33.745297 547.309173 -0.835520 
1 -87.972280 -0.025883 -0.266131 0.647757 127.346757 547.271071 -0.835520 
1 -78.822839 -0.003873 -0.154175 1.591217 -27.537631 547.270108 -0.835520 
1 -5.595103 -0.034988 -0.137454 1.492315 65.917389 547.299108 -0.835520 
1 -0.810755 -0.042578 -0.036709 1.124301 46.366317 547.279212 -0.835520 
1 -115.471102 -0.029741 -0.059701 1.794765 164.704185 547.290171 -0.835520 
1 -77.732862 -0.054265 -0.072605 1.042129 130.678085 547.289958 -0.835520 
1 -34.881940 -0.029126 -0.068240 0.818691 76.401791 547.278234 -0.835520 
1 -222.065254 0.036819 0.028003 0.721015 -39.660295 547.303884 -0.878102 
1 -5.738077 0.019252 -0.041114 1.109627 66.243427 547.300027 -0.878102 
1 -5.396801 0.035707 -0.129409 0.993686 65.527151 547.298340 -0.878102 
1 -110.913970 -0.045526 -0.307629 0.406287 140.811924 547.296642 -0.878102 
1 1.109799 0.028030 -0.079406 1.557231 57.720335 547.311032 -0.878102 
1 -87.364980 -0.018487 -0.135523 1.434879 158.614060 547.302693 -0.878102 
1 -8.691341 -0.030023 -0.159843 1.347457 39.566801 547.297587 -0.878102 
1 -11301.090262 0.017997 -0.378423 1.728177 46.102387 547.283614 -0.878102 
1 -2.043519 -0.045875 -0.157547 1.320478 63.496304 547.286653 -0.878102 
1 -80.708983 -0.043327 -0.201428 1.436196 -25.163504 547.283481 -0.878102 
1 3.630166 -0.030939 -0.234667 1.209483 51.698950 547.298883 -0.880042 
1 -81.310264 0.011400 -0.080184 1.410870 156.936099 547.287033 -0.880042 
1 2.135866 0.024859 -0.061545 1.323636 49.297028 547.286225 -0.880042 
1 -90.061100 -0.027884 -0.019063 1.335798 128.029587 547.292269 -0.880042 
1 -86.425904 -0.083003 -0.035828 1.010726 126.702545 547.298217 -0.880042 
1 -90.241059 0.002241 -0.293657 1.760197 -49.335301 547.276558 -0.880042 
1 -85.180240 -0.023887 -0.173167 2.051312 -37.958322 547.291717 -0.880042 
1 -154.136912 -0.037751 0.014407 1.818634 -5.593586 547.297735 -0.880042 
1 -151.884233 -0.069434 0.014092 1.907501 116.586576 547.288248 -0.880042 
1 -15.074444 0.001817 0.074175 0.688905 57.682476 547.303556 -0.880042 
1 0.211012 -0.006372 0.061518 1.419684 47.747835 547.287097 -0.883051 
1 -4.221425 -0.036762 0.031149 0.905250 61.400321 547.291774 -0.883051 
1 -109.374874 -0.023780 -0.020958 1.702941 -15.627463 547.285325 -0.883051 
1 -231.041883 0.014279 -0.109787 0.624292 150.510138 547.300028 -0.883051 
1 -105.443743 -0.023925 -0.067061 1.930399 129.136993 547.291734 -0.883051 
1 -176.460137 0.004654 0.112331 2.066078 -2.479114 547.271841 -0.883051 
1 -10.868153 -0.035718 -0.041150 1.244703 39.003809 547.294827 -0.883051 
1 -2.851690 -0.049334 -0.042942 1.012126 45.432687 547.295816 -0.883051 
1 -36.917920 -0.020550 0.029540 0.584590 36.890253 547.308117 -0.883051 
1 -75.942601 -0.033586 -0.112414 1.368532 133.939472 547.285246 -0.883051 
1 0.378704 -0.002748 -0.058193 0.908863 50.043681 547.286289 -0.883841 
1 -14.204705 -0.035804 -0.179592 0.875128 68.987271 547.286754 -0.883841 
1 -86.538172 -0.043766 -0.394715 1.411515 127.206384 547.280002 -0.883841 
1 -86.878096 0.016495 -0.113661 0.566833 154.299192 547.300475 -0.883841 
1 3.268987 -0.048703 -0.113123 1.321688 56.723275 547.277707 -0.883841 
1 -0.333337 -0.046158 -0.057981 1.749366 52.090347 547.284392 -0.883841 
1 1.629690 0.003583 -0.046284 1.001719 50.338436 547.274854 -0.883841 
1 -3.798312 -0.038195 -0.269935 1.804598 54.775715 547.290985 -0.883841 
1 -10.622261 -0.024802 -0.191044 0.664056 63.437516 547.317349 -0.883841 
1 -0.312841 -0.041478 -0.287561 0.810568 57.576470 547.322788 -0.883841 
1 -70.297405 -0.029436 -0.124199 1.299893 136.971586 547.276809 -0.884781 
1 -8.210017 0.022479 -0.191208 1.254664 67.674790 547.303961 -0.884781 
1 -23.030909 -0.026834 0.033698 1.277500 33.908468 547.299685 -0.884781 
1 -10.184617 -0.044775 -0.265098 2.030577 51.541380 547.314677 -0.884781 
1 0.957904 -0.048520 -0.093565 1.202474 47.330676 547.273834 -0.884781 
1 -108.709155 0.002169 -0.174825 1.961877 127.700170 547.288666 -0.884781 
1 -1.126975 0.004081 -0.040828 0.840745 50.134311 547.271617 -0.884781 
1 0.072160 -0.029250 -0.333927 1.536889 55.239657 547.304062 -0.884781 
1 -8.313671 0.014547 -0.074608 0.622678 53.361453 547.285975 -0.884781 
1 -6.563583 -0.027738 -0.266759 0.631385 54.050944 547.297695 -0.884781 
1 -12.177369 -0.035573 -0.147281 1.235728 37.852146 547.284154 -0.885675 
1 -88.225256 -0.051189 -0.158401 1.436388 -51.642580 547.285904 -0.885675 
1 2.196637 0.004422 -0.127888 1.113359 59.163306 547.293274 -0.885675 
1 -9.541484 -0.043587 -0.262090 2.016751 53.031309 547.315567 -0.885675 
1 0.601643 0.003157 -0.223718 1.344360 60.242664 547.300636 -0.885675 
1 0.281891 -0.000379 -0.077495 1.246112 61.770563 547.293293 -0.885675 
1 -106.883132 -0.026650 0.006551 1.227204 -11.841516 547.297022 -0.885675 
1 3.017391 0.000865 -0.173148 1.403428 53.862527 547.291031 -0.885675 
1 -12.434960 -0.067360 -0.098098 0.591035 55.070155 547.289357 -0.885675 
1 -0.602172 -0.006165 -0.282410 0.740207 56.428460 547.290566 -0.885675 
1 2.365023 -0.024565 -0.088281 1.210449 58.942492 547.289969 -0.887146 
1 -132.474225 -0.045046 -0.026078 2.163616 -14.943874 547.289483 -0.887146 
1 -76.883178 0.016180 -0.143889 1.616242 150.903089 547.294851 -0.887146 
1 -71.622595 0.001629 -0.103512 1.565563 -37.308841 547.303698 -0.887146 
1 2.677166 -0.020903 -0.064510 1.444540 51.293337 547.289258 -0.887146 
1 0.386391 -0.006025 -0.080886 1.468308 60.804507 547.304160 -0.887146 
1 -6.609060 -0.048367 -0.214912 1.593687 65.585811 547.283828 -0.887146 
1 -1.134634 -0.004282 -0.164891 1.421337 45.447284 547.290645 -0.887146 
1 -6.357092 -0.032573 -0.218778 1.383162 66.230297 547.285911 -0.887146 
1 -78.581987 -0.007790 -0.305206 0.590973 141.866727 547.284234 -0.887146 
1 -0.798004 -0.000686 0.066988 1.147955 47.497021 547.308333 -0.888332 
1 -93.605681 -0.050683 -0.015435 1.729053 158.675415 547.287749 -0.888332 
1 2.467568 -0.064683 -0.088620 1.529281 55.620356 547.292051 -0.888332 
1 -88.040563 -0.023291 -0.040445 1.489355 130.227954 547.306418 -0.888332 
1 -5.500180 -0.034343 -0.056076 0.781891 46.901596 547.305632 -0.888332 
1 -3.166786 -0.065411 -0.304568 1.179410 42.986879 547.313395 -0.888332 
1 -7.737071 -0.000415 -0.182868 1.907042 61.138997 547.301004 -0.888332 
1 -5.584402 -0.008411 -0.120388 1.247649 66.328118 547.290807 -0.888332 
1 -7.768043 -0.036478 -0.187071 1.444647 40.167776 547.279479 -0.888332 
1 -87.278816 -0.034030 -0.193258 0.895312 125.599203 547.295196 -0.888332 
1 -237.907749 0.024350 -0.244992 0.334714 -50.485930 547.313291 -0.891500 
1 0.412943 -0.007740 -0.058736 1.299410 61.627582 547.294905 -0.891500 
1 -72.688044 -0.003328 -0.071606 1.399265 137.213139 547.290019 -0.891500 
1 -121.539760 -0.006384 -0.010052 1.761007 -12.707833 547.279379 -0.891500 
1 -12.717827 -0.036356 -0.021404 0.952455 68.665483 547.301311 -0.891500 
1 -4.630397 -0.047584 -0.030096 1.404491 65.873641 547.294231 -0.891500 
1 -4.586385 -0.056988 -0.252522 1.692384 62.263079 547.295227 -0.891500 
1 -113.985733 -0.030636 -0.130690 1.410880 -59.569397 547.318966 -0.891500 
1 -109.830777 0.004728 -0.013810 0.416218 147.213108 547.293970 -0.891500 
1 -115.824534 0.004270 -0.171084 1.952175 -18.058095 547.293413 -0.891500 
1 -5.843033 -0.047254 -0.033740 1.736462 43.163273 547.285859 -0.892889 
1 -18.705768 -0.023435 0.221398 1.135511 38.170696 547.270651 -0.892889 
1 -12.508364 0.003517 -0.247746 0.919252 68.713365 547.281971 -0.892889 
1 -12.595825 -0.052455 -0.101715 1.162655 38.037268 547.275663 -0.892889 
1 -1.412911 -0.032581 0.005057 1.235162 45.669807 547.288096 -0.892889 
1 -127.534439 -0.028890 -0.099980 1.892835 -13.578227 547.268681 -0.892889 
1 -0.961174 -0.027007 -0.103640 1.255887 62.838428 547.289162 -0.892889 
1 1.998841 -0.018752 0.129479 1.527592 52.362786 547.318097 -0.892889 
1 0.193528 -0.006810 0.001296 1.405086 47.206517 547.266803 -0.892889 
1 3.526581 0.004276 -0.034698 1.360831 54.414948 547.306812 -0.892889 
1 -93.568082 -0.080684 -0.117682 1.214756 162.640149 547.291922 -0.895592 
1 -69.128828 -0.017275 -0.199032 1.224188 150.088707 547.298963 -0.895592 
1 -12.660523 0.003871 -0.253233 0.907017 68.705163 547.282118 -0.895592 
1 0.266705 -0.035336 -0.066505 1.694187 56.637746 547.274800 -0.895592 
1 -0.075555 0.013709 -0.137631 1.086408 61.781238 547.312414 -0.895592 
1 -2.587728 -0.019545 -0.113447 1.392066 43.928146 547.308278 -0.895592 
1 2.471172 -0.019321 -0.125318 0.971005 56.433188 547.306432 -0.895592 
1 3.187884 -0.024940 -0.291036 1.086398 56.200479 547.284619 -0.895592 
1 1.259380 -0.006579 -0.013582 1.399126 48.450587 547.311094 -0.895592 
1 -93.332935 -0.057569 -0.232503 1.236410 -18.807386 547.280624 -0.895592 
1 -1.128121 0.035701 -0.187098 1.515400 60.746409 547.284266 -0.900007 
1 -86.946213 -0.022625 -0.208897 1.270620 159.099077 547.293640 -0.900007 
1 -89.539070 -0.029824 -0.125286 1.196314 -18.534213 547.297085 -0.900007 
1 0.087723 -0.032465 -0.074133 1.701233 56.597337 547.275221 -0.900007 
1 -88.774883 -0.014322 0.059386 1.234243 -17.257096 547.286010 -0.900007 
1 -9.963096 -0.018578 -0.144191 1.266320 38.986511 547.301734 -0.900007 
1 -0.033834 -0.011590 -0.233828 1.185036 61.474690 547.293284 -0.900007 
1 -28.019470 -0.010867 -0.163588 0.806769 33.734696 547.286428 -0.900007 
1 -115.946189 -0.059027 -0.239180 1.677945 -58.631089 547.290875 -0.900007 
1 -10.360038 -0.082682 -0.258808 1.039816 67.664804 547.289138 -0.900007 
1 -78.336696 -0.027207 -0.163025 0.990336 -50.207575 547.292298 -0.902499 
1 2.956661 -0.004002 0.048779 1.195545 54.052463 547.298172 -0.902499 
1 -11.713387 -0.072551 -0.236527 1.327098 69.211347 547.295250 -0.902499 
1 -70.895500 -0.017123 -0.079924 0.894658 -26.631441 547.268986 -0.902499 
1 -0.925953 -0.030942 0.006033 1.649697 47.632557 547.314084 -0.902499 
1 1.586568 -0.057109 -0.233166 1.529268 55.251248 547.300944 -0.902499 
1 3.807600 -0.031387 -0.201498 1.079222 53.667589 547.291166 -0.902499 
1 -70.015560 -0.046787 -0.250476 0.864428 150.078285 547.292778 -0.902499 
1 -8.470326 -0.020010 -0.104967 0.618966 55.093713 547.305458 -0.902499 
1 -0.778384 -0.020429 -0.242582 1.566226 47.995243 547.297664 -0.902499 
1 -6.655950 -0.019488 -0.029394 1.243703 67.156389 547.278314 -0.908836 
1 -220.312086 -0.027744 -0.184762 0.812504 -35.454295 547.289493 -0.908836 
1 -191.818372 -0.036647 -0.337304 2.351203 111.544365 547.323183 -0.908836 
1 -85.959644 -0.058944 -0.147973 1.911018 -43.621952 547.291753 -0.908836 
1 -22.117175 -0.053131 0.101921 1.108995 35.561715 547.293859 -0.908836 
1 1.188546 0.000150 -0.330758 0.846537 50.572831 547.297305 -0.908836 
1 1.634500 0.003784 0.048313 1.057477 52.455292 547.291897 -0.908836 
1 3.492397 -0.038995 -0.230487 1.298627 52.407413 547.287798 -0.908836 
1 -5.091825 0.001925 -0.246607 0.671769 49.206818 547.280159 -0.908836 
1 -79.872862 0.008337 -0.294639 1.885873 -36.428456 547.284439 -0.908836 
1 -1.293425 -0.024759 0.107427 1.402547 63.310723 547.287497 -0.914168 
1 -2.206584 -0.059766 -0.039431 1.771794 60.587603 547.323789 -0.914168 
1 -73.229856 -0.025371 0.125521 1.419327 -40.438161 547.303745 -0.914168 
1 2.788537 -0.018197 -0.154103 1.427925 51.857994 547.278768 -0.914168 
1 -146.176591 -0.088323 0.067643 1.579201 -4.662894 547.310079 -0.914168 
1 1.961111 -0.032686 -0.039312 1.421739 59.091065 547.290839 -0.914168 
1 -104.157146 -0.008658 -0.062671 1.240559 -13.377526 547.296886 -0.914168 
1 -66.906041 -0.053236 0.127072 1.145991 150.222123 547.286658 -0.914168 
1 -4.210275 -0.013098 -0.179352 1.752777 61.124284 547.301122 -0.914168 
1 -153.911403 -0.044215 -0.235216 2.476529 163.624455 547.290653 -0.914168 
1 -163.482307 -0.024774 -0.125966 2.363957 -11.029099 547.300512 -0.918798 
1 0.821812 -0.005137 -0.014672 1.120871 48.307864 547.286959 -0.918798 
1 -70.997774 -0.025950 0.064102 1.475407 -37.332631 547.305942 -0.918798 
1 -4.859403 0.002862 -0.349065 1.719584 48.658291 547.292114 -0.918798 
1 -3.505244 -0.038741 -0.065783 0.895574 46.030599 547.281805 -0.918798 
1 -0.798794 -0.044599 0.133440 1.307606 62.258179 547.281500 -0.918798 
1 -66.403292 -0.007401 -0.072653 1.218712 -31.969533 547.296500 -0.918798 
1 -66.071721 -0.048111 0.039008 1.129025 141.455503 547.283436 -0.918798 
1 -4.008242 -0.013377 -0.185751 1.836399 56.527906 547.303459 -0.918798 
1 -83.856278 -0.017588 -0.156983 1.001019 127.458300 547.296968 -0.918798 
1 -11.743200 -0.031228 -0.103787 1.098310 38.706617 547.282142 -0.922835 
1 -15.787242 -0.003641 -0.016292 0.888257 38.828627 547.294177 -0.922835 
1 -100.686934 0.019090 -0.062499 1.455041 125.568606 547.295170 -0.922835 
1 -1.745888 -0.026001 0.008022 0.865350 57.240829 547.283547 -0.922835 
1 -22.499810 -0.047028 0.069413 1.354596 34.094263 547.293830 -0.922835 
1 -65.509186 0.014310 0.017481 0.919343 -33.151177 547.295521 -0.922835 
1 -11.624681 -0.035232 0.041751 1.640571 70.114293 547.300786 -0.922835 
1 -71.890819 0.020322 -0.368941 1.523962 137.937564 547.302357 -0.922835 
1 -1.630026 0.009664 -0.112474 1.668363 48.058333 547.305563 -0.922835 
1 -76.138258 -0.015185 -0.155220 0.996049 131.086741 547.298083 -0.922835 
1 -17.018331 -0.033655 -0.099630 1.107686 36.243048 547.282581 -0.927368 
1 -3.414759 0.014736 -0.115307 1.215280 64.891847 547.284356 -0.927368 
1 1.344451 -0.035580 -0.081085 1.490157 48.907785 547.275555 -0.927368 
1 -68.425799 -0.009078 -0.066842 0.889539 -28.861435 547.303212 -0.927368 
1 -90.677478 -0.015401 0.025592 1.284756 -52.144121 547.274901 -0.927368 
1 -86.505214 -0.029485 0.028281 0.618303 -21.126970 547.289492 -0.927368 
1 -12.192727 -0.058474 -0.057972 1.562230 70.187731 547.309904 -0.927368 
1 -99.473239 0.000489 -0.253196 0.457656 135.347681 547.285125 -0.927368 
1 -0.874413 -0.004806 -0.026370 1.003974 61.165785 547.290977 -0.927368 
1 -65.061467 -0.020428 -0.151307 0.991078 146.800479 547.295462 -0.927368 
1 -5.284016 -0.024505 -0.036310 1.836636 45.455916 547.280513 -0.931829 
1 -2.212514 -0.045065 -0.159375 1.760780 58.394176 547.287851 -0.931829 
1 -106.665867 -0.019085 -0.141329 1.271924 -13.749323 547.270703 -0.931829 
1 -98.346727 0.002378 -0.109571 1.278441 -55.689268 547.290861 -0.931829 
1 -112.442512 -0.027473 -0.109442 1.294550 -12.014194 547.286185 -0.931829 
1 -71.318666 -0.034363 -0.084004 1.551325 142.708462 547.269574 -0.931829 
1 -15.606217 -0.004953 -0.111705 0.790687 68.653347 547.287503 -0.931829 
1 0.353711 -0.020036 -0.182672 1.635433 52.905126 547.286135 -0.931829 
1 1.719620 0.006099 0.083320 1.259117 59.340279 547.267078 -0.931829 
1 -20.093781 -0.017240 0.006726 1.176927 73.600656 547.301797 -0.931829 
1 -66.334769 -0.021470 -0.131209 1.127955 -40.958758 547.280716 -0.938773 
1 -3.150095 -0.051023 0.013689 1.628561 64.054055 547.311546 -0.938773 
1 -65.129438 -0.058571 -0.036368 1.175435 -34.823856 547.291583 -0.938773 
1 -20.329904 -0.033060 0.034928 1.188124 35.334625 547.281529 -0.938773 
1 -103.575515 -0.008506 -0.076595 1.372897 123.598183 547.300908 -0.938773 
1 -65.064714 -0.016492 -0.005339 1.060476 142.545429 547.286543 -0.938773 
1 -82.834563 -0.025151 -0.267271 1.907139 -42.229399 547.285085 -0.938773 
1 -65.977404 -0.005238 -0.004383 1.068333 140.899926 547.288639 -0.938773 
1 -239.400045 -0.014344 -0.065584 0.567163 -45.498232 547.316151 -0.938773 
1 -20.093781 -0.017240 0.006726 1.176927 73.600656 547.301797 -0.938773 
1 2.982999 0.001469 0.068914 1.264026 56.012706 547.301758 -0.941819 
1 -93.081495 -0.010372 -0.269794 1.404815 125.793101 547.279039 -0.941819 
1 -31.039223 -0.053378 -0.320794 0.691731 35.306818 547.284034 -0.941819 
1 1.682735 -0.039963 0.066535 1.545599 50.866617 547.288502 -0.941819 
1 -94.631700 -0.038594 -0.200078 1.574083 -20.906010 547.289875 -0.941819 
1 -14.625944 -0.024212 -0.059753 0.890373 39.043706 547.295272 -0.941819 
1 0.577084 -0.036808 -0.219955 0.809356 52.857561 547.314298 -0.941819 
1 -10.385285 -0.019171 0.065629 1.982328 42.476724 547.279844 -0.941819 
1 -11.358355 -0.029158 -0.081835 1.418225 69.826016 547.298396 -0.941819 
1 -34.250498 -0.012504 -0.160900 0.770131 75.809560 547.293494 -0.941819 
1 -73.375915 -0.009106 -0.031483 0.697075 150.446832 547.306576 -0.945410 
1 -77.423032 -0.009441 -0.113781 1.803758 -35.921970 547.286611 -0.945410 
1 -9.057435 -0.011183 -0.165518 1.330060 39.414348 547.293820 -0.945410 
1 -7.776815 -0.070102 -0.268005 1.149094 40.034596 547.301612 -0.945410 
1 -2.448966 -0.004603 -0.102077 1.356538 64.100642 547.305369 -0.945410 
1 3.506344 -0.040789 -0.018348 1.242683 54.274463 547.310292 -0.945410 
1 -95.805214 -0.001351 -0.341417 1.583837 -53.861926 547.280887 -0.945410 
1 -39.667712 -0.037869 0.086364 0.599467 36.104990 547.298327 -0.945410 
1 0.669921 -0.044188 -0.052387 1.640054 50.231472 547.271370 -0.945410 
1 -34.035913 -0.012454 -0.160304 0.773784 75.780877 547.293431 -0.945410 
1 -89.409422 -0.017977 -0.011381 1.761559 -23.345325 547.312029 -0.951243 
1 -9.690304 -0.011685 0.033656 1.950563 42.741980 547.295701 -0.951243 
1 -10.554163 -0.032892 -0.045183 0.808662 65.329850 547.283665 -0.951243 
1 -76.131256 0.040526 -0.235602 0.748754 -47.288532 547.294141 -0.951243 
1 -11.316806 -0.092969 -0.098500 1.581394 69.443296 547.286373 -0.951243 
1 -56.177222 -0.014002 0.043096 0.613458 74.315421 547.296962 -0.951243 
1 -99.983950 -0.013405 -0.202096 1.363838 -56.323439 547.295437 -0.951243 
1 -159.428442 -0.018946 -0.214288 2.115986 116.249482 547.290493 -0.951243 
1 -10.980320 -0.030086 -0.105094 0.608174 49.542106 547.292081 -0.951243 
1 -21.119502 -0.018210 -0.037980 0.860333 71.727923 547.281128 -0.951243 
1 -44.942961 0.011251 -0.079937 0.686970 77.720147 547.293539 -0.957564 
1 -131.832921 -0.018582 -0.015681 1.777195 -10.411800 547.293068 -0.957564 
1 -1.525008 -0.018397 -0.338498 0.842970 60.396561 547.284148 -0.957564 
1 -77.840007 -0.069884 -0.099605 1.772357 -32.705774 547.291565 -0.957564 
1 -96.485115 -0.071198 -0.234975 2.046041 132.360682 547.308373 -0.957564 
1 -81.615098 -0.003823 -0.335470 0.727815 128.558034 547.287663 -0.957564 
1 -3.351741 -0.026996 -0.024313 1.627248 44.622410 547.307419 -0.957564 
1 -97.312924 -0.020785 -0.190355 2.086299 133.517892 547.290735 -0.957564 
1 -8.094264 -0.013628 -0.102996 1.073796 67.337664 547.285713 -0.957564 
1 -82.929574 -0.094454 -0.081941 0.908684 127.639442 547.281006 -0.957564 
1 -143.942591 -0.046844 -0.051324 1.887795 -9.166567 547.283621 -0.962848 
1 -66.393923 -0.060224 -0.076871 1.254234 -38.489891 547.290015 -0.962848 
1 -32.728114 -0.042843 -0.013206 0.693041 72.545596 547.284002 -0.962848 
1 -118.955362 -0.013743 -0.297475 1.487567 118.918144 547.284010 -0.962848 
1 -9.310770 -0.063102 0.071076 1.350310 68.857900 547.293147 -0.962848 
1 -25.841385 -0.046389 -0.219556 0.658631 38.377564 547.293162 -0.962848 
1 -1.415000 -0.063657 -0.125782 1.478434 62.562760 547.293743 -0.962848 
1 -2.327383 -0.019012 -0.059085 0.766142 55.099811 547.289844 -0.962848 
1 -10.628443 -0.003108 -0.129475 1.038899 39.398554 547.286686 -0.962848 
1 -100.260014 -0.053661 -0.071953 1.300531 -15.219786 547.279682 -0.962848 
1 -67.770787 -0.001656 -0.042794 0.879093 139.326989 547.293172 -0.967263 
1 -69.638969 -0.052480 -0.017032 1.273985 138.210009 547.295828 -0.967263 
1 -95.852609 -0.013091 -0.008403 0.494468 -25.266794 547.292003 -0.967263 
1 -3.773154 -0.021646 -0.115362 0.701992 51.670483 547.291872 -0.967263 
1 -69.527467 -0.038249 -0.031543 1.351001 -30.183316 547.294456 -0.967263 
1 -89.049385 -0.041940 -0.179590 1.609474 156.746687 547.292945 -0.967263 
1 -0.408743 -0.070093 -0.135704 1.473849 61.455190 547.293963 -0.967263 
1 -11.545645 -0.081030 -0.062880 2.052944 65.470688 547.302230 -0.967263 
1 1.527861 -0.045459 -0.178338 0.882085 52.152650 547.279358 -0.967263 
1 -6.175708 -0.022741 -0.030432 1.236601 66.820869 547.276375 -0.967263 
1 0.501756 -0.036556 -0.269314 1.132894 60.560758 547.294449 -0.969911 
1 3.362026 -0.017568 -0.116402 1.078439 51.920023 547.292455 -0.969911 
1 -10.506733 -0.020930 0.054635 1.281451 69.548893 547.295533 -0.969911 
1 -10.676267 -0.010521 -0.234995 2.029274 50.003946 547.297242 -0.969911 
1 -12.264283 -0.068951 -0.219561 0.946394 68.314889 547.293019 -0.969911 
1 1.815564 -0.038121 -0.190637 1.439059 49.409566 547.297298 -0.969911 
1 -16.437871 -0.053958 -0.330995 0.820062 38.290908 547.280696 -0.969911 
1 -82.974832 -0.049411 -0.012984 1.841853 -41.353376 547.293885 -0.969911 
1 3.183824 0.000700 -0.136166 1.226158 50.389284 547.314263 -0.969911 
1 -123.578063 0.013229 -0.077766 1.592324 -11.183821 547.304166 -0.969911 
1 -9.680533 -0.046655 -0.153642 0.984841 67.475172 547.270864 -0.973189 
1 -116.802647 -0.017444 -0.041239 0.586318 77.636278 547.273779 -0.973189 
1 2.077654 -0.031800 -0.047499 1.416335 58.898547 547.275608 -0.973189 
1 0.456385 -0.020611 -0.190696 1.429578 60.146739 547.297822 -0.973189 
1 -6.007890 -0.026027 -0.012830 1.528606 66.730830 547.292689 -0.973189 
1 -77.222667 -0.000589 -0.308496 1.786009 -36.065749 547.295648 -0.973189 
1 -0.994826 -0.030715 -0.127147 1.136525 62.555036 547.306569 -0.973189 
1 -10.906928 -0.011885 -0.083669 1.134668 69.149272 547.293053 -0.973189 
1 -8.259497 0.013077 -0.150966 1.321954 39.998412 547.272504 -0.973189 
1 -79.170883 -0.000074 -0.220540 1.666821 -44.365405 547.283224 -0.973189 
1 -65.638223 -0.038909 -0.100016 1.093555 -31.973104 547.294890 -0.976993 
1 -7.428747 0.006903 -0.005997 1.244565 67.757919 547.307106 -0.976993 
1 -69.553260 -0.054594 -0.314151 1.264739 -31.760692 547.317742 -0.976993 
1 -76.496371 0.007024 -0.056395 1.658761 139.511109 547.298172 -0.976993 
1 -96.419049 -0.049052 -0.001548 1.794495 159.052800 547.277223 -0.976993 
1 -14.456735 0.012031 -0.148794 0.535193 56.679347 547.301770 -0.976993 
1 -4.872318 -0.007580 -0.066066 1.190378 42.533663 547.305468 -0.976993 
1 -8.738295 -0.021615 -0.109847 1.503334 68.118436 547.289051 -0.976993 
1 -13.786898 0.002718 -0.250221 0.927739 38.041924 547.305327 -0.976993 
1 1.832219 -0.076623 -0.022694 1.489555 58.710038 547.293285 -0.976993 
1 1.352399 0.008995 -0.331303 1.390866 55.951042 547.287488 -0.980157 
1 2.435616 -0.034620 -0.043217 1.120218 50.646862 547.295646 -0.980157 
1 -45.462812 -0.086653 0.223893 1.244398 27.653354 547.298295 -0.980157 
1 -1.161191 -0.055646 -0.217090 1.718158 55.761805 547.286250 -0.980157 
1 -68.335011 -0.022534 0.020265 1.246756 -29.381884 547.281963 -0.980157 
1 -1.386627 -0.043223 -0.059898 1.603679 46.324862 547.299326 -0.980157 
1 3.771948 0.003513 -0.084684 1.231948 55.644431 547.304534 -0.980157 
1 -13.321114 0.041804 0.065290 1.091446 70.379548 547.259982 -0.980157 
1 -175.802180 0.005099 -0.160110 2.115749 174.207201 547.295986 -0.980157 
1 2.210999 -0.091497 -0.171890 1.547962 53.471945 547.297896 -0.980157 
1 -79.323217 0.008065 -0.070758 1.703098 151.540833 547.312049 -0.989081 
1 -65.133695 -0.037129 -0.186038 1.191674 -35.706200 547.304971 -0.989081 
1 -0.116899 -0.026623 -0.312407 0.828070 58.276944 547.291834 -0.989081 
1 -73.064270 -0.040240 -0.181756 1.595466 -33.445858 547.305097 -0.989081 
1 -2.452885 -0.071363 -0.024903 0.865112 58.625640 547.309647 -0.989081 
1 -74.214612 -0.042535 -0.146197 1.681783 -37.173411 547.285450 -0.989081 
1 -4.979251 -0.031939 -0.186847 0.875887 63.781458 547.291397 -0.989081 
1 -76.231825 -0.007135 -0.160811 1.658605 -30.963353 547.302029 -0.989081 
1 -76.229807 -0.004903 -0.247843 1.602968 -43.688597 547.295628 -0.989081 
1 -42.439496 -0.004044 -0.100909 0.699921 77.251976 547.286626 -0.989081 
1 -3.042236 -0.042363 -0.136841 0.766866 49.052351 547.291583 -1.005860 
1 -78.703535 -0.064448 -0.300896 1.814846 -40.648129 547.303888 -1.005860 
1 -34.172748 -0.023568 -0.253835 0.541181 70.998217 547.293293 -1.005860 
1 -1.432934 -0.037396 0.081197 1.365908 63.378174 547.321417 -1.005860 
1 -162.697117 -0.026522 -0.045971 1.843521 -4.660769 547.288103 -1.005860 
1 -83.405083 0.003634 -0.196338 1.311142 129.278882 547.306765 -1.005860 
1 -18.611953 -0.027536 -0.177715 1.015495 71.906022 547.293511 -1.005860 
1 -79.826081 -0.004624 -0.154503 1.646380 -27.868841 547.301582 -1.005860 
1 1.389673 -0.055992 -0.234371 1.539045 55.547650 547.293324 -1.005860 
1 -4.588205 -0.002495 -0.172418 1.225029 42.190009 547.307350 -1.005860 
1 -20.585479 -0.014958 0.041943 0.951295 72.329427 547.315462 -1.039835 
1 -122.730047 -0.055361 0.042163 1.940199 -14.072076 547.298562 -1.039835 
1 0.678200 -0.065244 -0.215273 1.140669 60.469099 547.259477 -1.039835 
1 -73.973849 0.003227 -0.021901 1.613702 -31.243277 547.285709 -1.039835 
1 -162.697117 -0.026522 -0.045971 1.843521 -4.660769 547.288103 -1.039835 
1 1.391682 -0.003445 0.024177 1.363527 48.835059 547.282950 -1.039835 
1 -3.841237 -0.038974 -0.229477 1.275627 42.502744 547.297839 -1.039835 
1 1.622439 -0.009319 -0.140259 1.557083 52.546505 547.300888 -1.039835 
1 -8.278667 -0.009820 -0.033490 1.543780 68.108603 547.299392 -1.039835 
1 -84.879109 -0.037082 -0.240827 2.035751 140.808006 547.283758 -1.039835 
1 2.907422 -0.020019 -0.261025 1.359745 54.124864 547.287091 -1.072554 
1 -24.408038 0.004601 0.022953 1.066050 34.233103 547.292763 -1.072554 
1 2.314956 -0.019178 -0.101434 1.138618 58.827199 547.271342 -1.072554 
1 -92.508461 0.006701 -0.160786 0.519571 153.611077 547.287996 -1.072554 
1 1.789618 -0.020970 -0.068388 1.593652 54.058479 547.313260 -1.072554 
1 -114.048002 -0.051219 0.092011 1.415702 121.778006 547.305375 -1.072554 
1 2.707475 -0.031603 -0.127822 1.435820 51.239399 547.275750 -1.072554 
1 0.827780 -0.025096 -0.249699 1.395955 59.261979 547.296976 -1.072554 
1 -5.904508 -0.011436 -0.362279 0.714880 61.900055 547.280369 -1.072554 
1 -4.016529 -0.017406 -0.097599 1.448367 65.121816 547.283795 -1.072554 
1 -103.346825 -0.072308 -0.135129 1.136305 120.972859 547.296882 -1.146556 
1 -23.165900 -0.014524 0.094463 0.977911 73.584103 547.300504 -1.146556 
1 -69.246356 -0.006944 -0.152964 1.063447 135.698105 547.308759 -1.146556 
1 -6.222391 0.000548 -0.275356 1.104389 65.905960 547.295239 -1.146556 
1 -82.763185 -0.007606 -0.012246 0.865809 129.375657 547.296448 -1.146556 
1 -1.826849 -0.077924 -0.075165 1.831030 50.915566 547.274832 -1.146556 
1 -18.333612 -0.002252 -0.273277 0.875199 36.421470 547.309615 -1.146556 
1 -27.296598 -0.057670 -0.086663 0.994614 75.132971 547.295878 -1.146556 
1 1.528285 -0.022288 -0.047828 1.413739 59.834015 547.289479 -1.146556 
1 -80.015431 -0.042633 0.084252 0.851302 131.327834 547.296633 -1.146556 
1 2.889406 -0.022617 -0.249401 1.251790 49.997932 547.290379 -1.214967 
1 -14.072135 -0.031165 -0.257732 0.567677 61.916943 547.292547 -1.214967 
1 1.796118 -0.037535 0.112114 1.185318 53.278242 547.292050 -1.214967 
1 1.579546 -0.025626 -0.289873 1.470597 54.345291 547.285632 -1.214967 
1 -16.334848 -0.028925 0.116403 0.727238 60.361524 547.294687 -1.214967 
1 -73.651002 -0.046950 -0.223635 0.727170 -44.956746 547.293349 -1.214967 
1 -76.511866 0.006407 0.019366 1.359166 -44.816077 547.301193 -1.214967 
1 3.361823 0.038240 -0.087438 1.179200 57.272222 547.299267 -1.214967 
1 -117.846771 0.005715 -0.154398 1.450397 -12.216623 547.281613 -1.214967 
1 -93.085723 -0.059211 -0.200937 1.040356 123.447908 547.293584 -1.214967 
1 -14.498228 -0.021826 -0.079731 0.796793 67.822815 547.304597 -1.270081 
1 -14.072135 -0.031165 -0.257732 0.567677 61.916943 547.292547 -1.270081 
1 1.665938 -0.047340 -0.168584 1.363194 59.272251 547.297128 -1.270081 
1 -14.561300 -0.034282 -0.397442 2.070563 55.475961 547.285867 -1.270081 
1 -13.265374 -0.027995 0.104812 0.734183 58.744876 547.294540 -1.270081 
1 -0.694185 -0.023337 0.006956 1.577379 47.156661 547.273336 -1.270081 
1 -111.875356 -0.031068 -0.280412 1.403962 -14.983992 547.290443 -1.270081 
1 -1.614701 -0.043383 -0.125457 0.762073 55.178526 547.297249 -1.270081 
1 -148.130404 -0.038332 -0.208093 1.890370 -9.919800 547.319830 -1.270081 
1 -17.060147 -0.042449 -0.064785 1.262575 72.362149 547.289360 -1.270081 
1 -0.122930 -0.001891 -0.070981 1.705770 55.813745 547.266279 -1.350386 
1 -23.154076 -0.015546 -0.191813 0.601258 41.712444 547.285530 -1.350386 
1 -68.086518 -0.002580 -0.253908 0.940442 -44.028023 547.288054 -1.350386 
1 -93.945089 -0.012234 -0.158790 1.929753 154.678824 547.279571 -1.350386 
1 -26.241587 -0.001005 -0.241426 0.761877 34.684131 547.291621 -1.350386 
1 -7.277354 -0.037063 -0.153105 0.791237 44.136058 547.292923 -1.350386 
1 -121.400673 -0.002439 -0.223280 1.809089 -15.460119 547.280108 -1.350386 
1 -1.614701 -0.043383 -0.125457 0.762073 55.178526 547.297249 -1.350386 
1 -107.068937 -0.048376 -0.197932 2.153547 130.459606 547.299496 -1.350386 
1 -5.305745 -0.026437 -0.129660 1.413389 65.986238 547.283027 -1.350386 
1 -16.541797 -0.033758 -0.293640 0.816713 69.459855 547.287914 -1.413504 
1 1.222744 -0.004009 -0.041213 1.012301 49.646094 547.291833 -1.413504 
1 -74.663410 -0.016191 0.030875 1.594563 -29.668530 547.284710 -1.413504 
1 -93.945089 -0.012234 -0.158790 1.929753 154.678824 547.279571 -1.413504 
1 -3.464559 -0.024287 -0.096652 1.586589 44.169982 547.278204 -1.413504 
1 -16.467657 -0.001433 0.024647 0.945565 70.518970 547.287055 -1.413504 
1 -6.186953 -0.076095 -0.105696 0.697412 57.481995 547.306547 -1.413504 
1 2.947424 -0.024224 -0.126631 1.233473 49.946417 547.296462 -1.413504 
1 -175.233790 0.040431 -0.175217 0.282583 139.242988 547.305037 -1.413504 
1 1.744670 -0.043289 -0.174107 1.306796 47.994730 547.308115 -1.413504 
1 -1.384590 -0.032826 -0.049081 1.740123 48.926558 547.286257 -1.447787 
1 -2.158138 0.022818 0.064485 1.859096 55.026938 547.275791 -1.447787 
1 -79.273582 -0.025084 -0.414159 0.786406 -26.972033 547.302170 -1.447787 
1 -97.598358 -0.041227 0.079528 0.483487 -41.169493 547.295531 -1.447787 
1 -8.416524 -0.003945 -0.138529 1.974971 60.455590 547.284987 -1.447787 
1 -3.190372 -0.007873 0.081127 1.210033 45.076114 547.283402 -1.447787 
1 -15.022380 -0.001891 -0.173577 0.952836 37.572540 547.306085 -1.447787 
1 3.112886 -0.061653 -0.124438 1.369555 51.068464 547.292390 -1.447787 
1 -0.668003 -0.020286 -0.061443 1.266848 45.716380 547.303912 -1.447787 
1 -4.889018 -0.025651 -0.070866 0.815704 46.151094 547.298175 -1.447787 
1 2.578335 -0.019287 -0.139522 1.486264 53.950214 547.293489 -1.466030 
1 -2.667752 -0.000130 0.216294 1.912987 51.855307 547.283338 -1.466030 
1 -4.993334 -0.026567 -0.172089 0.954887 43.087564 547.286866 -1.466030 
1 -7.539067 -0.026289 -0.141383 0.618718 54.442695 547.279284 -1.466030 
1 -74.864482 -0.025814 0.023879 0.801161 -45.276620 547.286685 -1.466030 
1 -8.566171 -0.024488 -0.057438 0.936079 41.853901 547.285767 -1.466030 
1 -5.999993 -0.044701 -0.296761 0.656432 55.626665 547.312993 -1.466030 
1 -3.437730 -0.003032 0.000918 0.774323 52.742109 547.275240 -1.466030 
1 -4.482092 -0.013189 -0.095828 1.296788 42.469799 547.307447 -1.466030 
1 -3.098577 -0.026262 -0.077788 0.814471 47.875613 547.298796 -1.466030 
1 -1.547101 -0.015539 0.004472 0.891020 49.603128 547.298325 -1.495265 
1 -0.385375 -0.056571 -0.237243 1.155335 45.421016 547.280018 -1.495265 
1 -15.936116 -0.027435 -0.146965 0.733483 40.213836 547.269419 -1.495265 
1 -6.459432 -0.040527 -0.105519 1.335222 66.899034 547.293160 -1.495265 
1 -72.633969 -0.021035 0.067758 1.055469 -23.978326 547.289095 -1.495265 
1 -9.644697 -0.023765 -0.143467 1.618662 68.063320 547.308617 -1.495265 
1 -6.738960 0.010821 -0.082678 1.130939 41.434221 547.277991 -1.495265 
1 -12.608162 -0.016758 -0.003459 0.861717 40.948804 547.284825 -1.495265 
1 -27.442042 -0.011940 -0.144172 0.860762 33.485891 547.272060 -1.495265 
1 1.025171 -0.054707 -0.089543 0.896962 53.835166 547.294901 -1.495265 
1 2.160450 -0.050908 -0.077243 1.562686 55.531792 547.273804 -1.516469 
1 -28.329613 -0.051720 0.022950 1.230249 31.988962 547.309142 -1.516469 
1 -44.866765 0.000586 0.204757 0.566980 39.161476 547.308290 -1.516469 
1 -10.372106 -0.021368 -0.110337 0.804803 65.940137 547.280586 -1.516469 
1 -7.276504 -0.032562 -0.171658 1.971249 57.724844 547.289315 -1.516469 
1 -9.340932 -0.023274 -0.143375 1.622494 67.845975 547.308656 -1.516469 
1 -6.738960 0.010821 -0.082678 1.130939 41.434221 547.277991 -1.516469 
1 1.852131 -0.003439 0.043799 1.222113 50.086988 547.285245 -1.516469 
1 -5.230115 -0.033632 -0.081509 0.835989 62.543773 547.319774 -1.516469 
1 3.443773 -0.066031 -0.126882 1.383491 54.854997 547.293174 -1.516469 
1 -0.385375 -0.016214 -0.049779 1.191338 62.249876 547.278977 -1.535196 
1 -65.108103 -0.018108 -0.158380 1.053365 -32.961777 547.285763 -1.535196 
1 1.873763 -0.020766 -0.257073 0.976873 58.321737 547.282017 -1.535196 
1 -5.658526 -0.044614 -0.140478 1.655214 42.684086 547.288362 -1.535196 
1 1.540595 -0.007135 -0.144103 0.864144 52.007715 547.294501 -1.535196 
1 -7.567315 0.004612 -0.160642 1.543822 66.844931 547.278985 -1.535196 
1 -3.818130 -0.015049 -0.274506 0.793552 62.105702 547.304035 -1.535196 
1 0.752772 0.014846 -0.037200 1.118273 60.806778 547.292097 -1.535196 
1 -2.448999 -0.029078 -0.340094 0.939788 44.909839 547.276055 -1.535196 
1 -8.629022 -0.031974 -0.014260 1.257079 68.324545 547.301040 -1.535196 
1 2.214736 -0.004189 -0.234133 1.156557 58.845780 547.275562 -1.591855 
1 -80.760728 -0.015233 -0.078264 1.864988 148.258782 547.309174 -1.591855 
1 -2.610940 -0.033973 0.012390 0.819693 54.822991 547.273349 -1.591855 
1 1.635674 -0.023819 -0.100805 1.187092 48.097483 547.300560 -1.591855 
1 -0.388169 0.005464 -0.186023 1.412776 46.324030 547.296466 -1.591855 
1 -4.157809 -0.005040 0.009855 1.136021 43.882542 547.281871 -1.591855 
1 -118.039532 -0.057891 -0.262833 1.757612 -16.515395 547.283225 -1.591855 
1 2.296391 -0.036814 -0.056675 1.010978 55.699833 547.300556 -1.591855 
1 -5.746291 -0.013724 -0.031236 0.821724 45.784037 547.319698 -1.591855 
1 -78.359006 -0.041408 -0.106691 1.195836 -23.068860 547.299138 -1.591855 
1 -23.530503 -0.013949 -0.028882 0.523334 52.362516 547.299669 -1.639275 
1 -85.296885 -0.052445 -0.032041 1.457566 -49.156512 547.282730 -1.639275 
1 -3.205507 0.017769 0.033954 1.792041 47.652193 547.288368 -1.639275 
1 -2.304196 -0.024473 -0.119737 0.783000 58.789841 547.308067 -1.639275 
1 3.054719 -0.056939 0.034518 1.251641 54.591747 547.280821 -1.639275 
1 -7.588900 -0.043945 -0.283134 1.917704 58.349918 547.281778 -1.639275 
1 -88.979604 -0.062046 -0.440857 1.459170 155.098986 547.307132 -1.639275 
1 3.088282 -0.062515 -0.078381 1.434031 55.903102 547.285788 -1.639275 
1 1.368820 -0.010469 -0.253613 1.498762 51.889759 547.310425 -1.639275 
1 -69.836327 0.007410 -0.227486 1.244963 135.972846 547.308040 -1.639275 
1 1.317305 -0.025784 -0.322356 1.134932 47.472001 547.292799 -1.670747 
1 -22.593917 -0.048751 0.011228 1.126954 74.257188 547.288509 -1.670747 
1 2.146303 -0.031627 -0.082165 1.267286 59.293057 547.278097 -1.670747 
1 -70.870171 -0.052777 0.014790 1.483394 -38.104737 547.271834 -1.670747 
1 -21.089638 0.036933 0.001138 0.818093 37.278147 547.290451 -1.670747 
1 0.105185 -0.037679 0.004711 1.342098 61.865443 547.276457 -1.670747 
1 -81.160223 -0.068316 0.010883 1.760172 138.259917 547.302332 -1.670747 
1 -1.859603 -0.006256 -0.124840 1.586554 61.880773 547.285054 -1.670747 
1 -0.518927 -0.025617 -0.208733 1.665620 55.781640 547.301248 -1.670747 
1 2.828670 -0.085378 -0.201804 1.416348 55.790198 547.280389 -1.670747 
1 1.317305 -0.025784 -0.322356 1.134932 47.472001 547.292799 -1.708963 
1 -76.688258 -0.038971 -0.394464 1.576496 -45.693454 547.303557 -1.708963 
1 3.394190 -0.041599 -0.231644 1.301490 51.891428 547.293094 -1.708963 
1 -6.729670 0.002970 -0.128385 1.434688 41.085772 547.300115 -1.708963 
1 -0.157451 -0.032906 -0.301136 1.577622 55.741313 547.294133 -1.708963 
1 -11.413133 -0.022483 -0.273780 2.024873 59.378249 547.305196 -1.708963 
1 -70.262634 -0.013080 -0.051632 1.399919 139.720109 547.301898 -1.708963 
1 -0.604068 -0.011443 -0.176991 1.651627 50.063071 547.290703 -1.708963 
1 -3.133072 0.019223 0.109984 1.376056 65.138052 547.305461 -1.708963 
1 -10.721517 -0.042374 -0.092995 0.796287 65.611287 547.303502 -1.708963 
1 0.566211 -0.021931 -0.281674 1.145317 46.408844 547.292164 -1.733882 
1 -72.767826 -0.032947 0.053695 0.978645 -23.906702 547.297527 -1.733882 
1 -6.700977 -0.060102 -0.343850 1.555433 64.640826 547.281587 -1.733882 
1 -5.393636 -0.062466 -0.171337 1.547695 42.032290 547.295176 -1.733882 
1 1.775209 -0.030260 0.071068 1.251510 50.478610 547.301645 -1.733882 
1 -5.811816 -0.029661 -0.087747 1.864553 62.344225 547.270146 -1.733882 
1 -3.126791 -0.031086 -0.251041 1.393270 63.555250 547.272824 -1.733882 
1 -11.820536 -0.013719 -0.242328 1.356689 69.312162 547.299193 -1.733882 
1 -8.296591 -0.027911 -0.087555 1.079553 40.730556 547.308392 -1.733882 
1 -1.928941 -0.050874 -0.129542 0.764107 51.862105 547.301064 -1.733882 
1 2.035491 -0.038176 -0.111453 1.403082 49.141817 547.275739 -1.737768 
1 3.287242 -0.013369 -0.213355 1.214837 50.520971 547.281985 -1.737768 
1 -0.833230 -0.027596 -0.200146 1.655406 57.773907 547.300516 -1.737768 
1 -5.891366 -0.063762 -0.175251 1.601114 41.964795 547.295270 -1.737768 
1 2.422923 -0.018306 -0.006741 1.095080 56.890370 547.300960 -1.737768 
1 -3.769858 -0.037521 -0.128742 1.265624 42.801909 547.304960 -1.737768 
1 -4.928559 -0.018613 -0.085294 1.790049 62.829203 547.289837 -1.737768 
1 0.723807 -0.024762 -0.040017 1.326025 47.329340 547.278925 -1.737768 
1 0.327859 -0.001421 -0.125196 1.369940 46.745975 547.272352 -1.737768 
1 -6.578357 -0.031647 -0.200770 0.715447 62.023520 547.298585 -1.737768 
1 -7.172604 0.027062 -0.107587 1.507166 41.194357 547.277868 -1.749706 
1 -7.383928 -0.020970 -0.285245 1.229898 40.223141 547.280500 -1.749706 
1 -5.329137 -0.020240 -0.433399 0.753102 60.970273 547.295828 -1.749706 
1 -7.301163 -0.062994 -0.180394 1.571409 40.765128 547.295500 -1.749706 
1 -3.103338 -0.023479 -0.073964 0.740181 51.814118 547.295370 -1.749706 
1 3.665787 -0.031375 -0.286408 1.086359 53.292569 547.286373 -1.749706 
1 -5.917204 -0.046594 -0.138538 1.548636 65.916645 547.289719 -1.749706 
1 1.304420 -0.023621 -0.044662 1.299492 47.993672 547.278961 -1.749706 
1 -5.213816 -0.017764 -0.109676 0.743070 60.557235 547.295187 -1.749706 
1 1.966216 -0.020076 -0.164861 1.234764 59.446819 547.301271 -1.749706 
1 -6.430058 -0.061886 -0.120431 1.705831 42.301840 547.305554 -1.774858 
1 -7.078775 -0.022320 -0.291178 1.127738 40.530873 547.284295 -1.774858 
1 -6.759531 -0.082531 -0.210809 1.835755 63.044517 547.288463 -1.774858 
1 -11.083381 -0.047674 -0.178988 2.000762 63.985499 547.294258 -1.774858 
1 -5.829765 -0.037627 -0.041701 1.334007 41.765586 547.293761 -1.774858 
1 -5.713035 -0.066303 -0.107497 1.938375 59.886884 547.289350 -1.774858 
1 -20.453503 0.007313 -0.023306 0.620440 61.675807 547.292434 -1.774858 
1 1.778342 -0.057011 -0.310514 1.199355 58.408023 547.280124 -1.774858 
1 -2.944452 -0.045258 -0.214815 1.547303 44.389647 547.290348 -1.774858 
1 -6.009350 -0.012858 -0.159012 1.478316 66.102535 547.297784 -1.774858 
1 2.540318 0.020086 -0.115988 0.940318 56.231587 547.282340 -1.787819 
1 -13.538003 -0.045808 -0.102375 0.741286 66.080269 547.309619 -1.787819 
1 3.622681 -0.004342 -0.150888 1.278462 52.000440 547.269859 -1.787819 
1 -1.571153 -0.037618 -0.107671 1.176991 63.163275 547.290603 -1.787819 
1 -3.532487 -0.083603 0.003770 0.900102 47.839619 547.285621 -1.787819 
1 -10.132056 -0.049647 -0.034456 1.596427 69.062397 547.304775 -1.787819 
1 3.473349 -0.028826 -0.064836 1.127913 54.717487 547.291571 -1.787819 
1 1.865962 0.000779 -0.183417 1.463449 50.701450 547.274276 -1.787819 
1 -0.180438 -0.032236 -0.118857 0.833150 57.059269 547.304390 -1.787819 
1 -17.685397 -0.048608 -0.243579 0.611093 46.584985 547.287232 -1.787819 
1 2.456666 -0.021108 -0.046101 1.429053 50.526840 547.289285 -1.808427 
1 0.857651 0.020222 -0.287013 1.226932 47.094042 547.310354 -1.808427 
1 -43.618252 -0.056787 -0.075271 0.604080 73.660732 547.298118 -1.808427 
1 1.808225 -0.015116 -0.266620 1.065459 48.104017 547.281457 -1.808427 
1 -1.653431 -0.008858 -0.237490 1.358313 62.493075 547.302533 -1.808427 
1 -12.789400 -0.044627 -0.244417 1.402537 69.765536 547.294292 -1.808427 
1 -0.575528 -0.062471 -0.044631 1.707581 59.295087 547.299391 -1.808427 
1 0.012568 -0.009322 -0.110099 1.164896 46.225775 547.281768 -1.808427 
1 -0.944035 -0.051581 -0.075608 1.040876 46.528903 547.303689 -1.808427 
1 -2.754288 -0.037107 -0.030291 0.830017 58.573381 547.304032 -1.808427 
1 1.825307 -0.018363 -0.033416 1.471654 49.775919 547.292762 -1.825439 
1 -11.766650 -0.026343 -0.258767 1.059469 68.781012 547.281257 -1.825439 
1 -16.129261 -0.013982 0.009456 0.927516 70.136926 547.263564 -1.825439 
1 2.389518 -0.004913 -0.160177 0.899769 52.627326 547.290699 -1.825439 
1 -19.043236 -0.029727 -0.094970 1.213450 73.036273 547.302874 -1.825439 
1 -4.560158 -0.029504 -0.237356 1.320493 42.073444 547.286386 -1.825439 
1 1.556624 -0.056542 0.009518 1.318840 48.943264 547.306841 -1.825439 
1 3.023618 -0.031725 -0.043093 1.083479 54.493121 547.288572 -1.825439 
1 -4.752053 -0.047302 -0.078009 0.717871 50.969428 547.291307 -1.825439 
1 -4.830603 0.005969 -0.106142 1.208027 65.864971 547.308889 -1.825439 
1 -4.491952 -0.033349 -0.042805 1.879472 47.675852 547.301528 -1.832750 
1 -1.627556 -0.020791 -0.294020 1.196799 62.467455 547.295227 -1.832750 
1 -3.606976 -0.032759 -0.299228 1.269784 42.735866 547.287603 -1.832750 
1 -3.421219 -0.086637 -0.045741 0.894433 47.138394 547.295021 -1.832750 
1 3.380617 -0.062143 -0.010084 1.301554 55.275584 547.307216 -1.832750 
1 -2.132862 -0.062718 -0.138978 1.437752 63.348763 547.279961 -1.832750 
1 -10.084205 -0.023577 0.145971 1.067839 67.734815 547.294714 -1.832750 
1 1.438240 -0.022455 -0.105735 1.274339 47.745839 547.288564 -1.832750 
1 1.094290 -0.022455 -0.292438 1.271772 47.372026 547.279616 -1.832750 
1 -1.001634 -0.006095 -0.207344 1.286155 62.410499 547.305415 -1.832750 
1 -5.863952 -0.025656 0.015091 0.736137 53.084501 547.297460 -1.849423 
1 -12.109636 -0.017483 -0.093348 0.806164 66.857511 547.288528 -1.849423 
1 -11.610506 -0.015759 -0.258950 1.441405 68.990801 547.288817 -1.849423 
1 -2.720821 -0.011537 -0.109727 1.128778 43.984370 547.289183 -1.849423 
1 2.434426 -0.053167 0.067663 1.317304 51.659152 547.287321 -1.849423 
1 -16.024206 -0.028676 -0.059094 0.847519 38.879923 547.290218 -1.849423 
1 1.791826 -0.021136 -0.071719 0.930068 54.379041 547.298441 -1.849423 
1 1.847899 -0.023543 -0.225065 1.501455 54.220713 547.309530 -1.849423 
1 -0.841641 -0.014816 -0.411066 1.114394 60.549012 547.314881 -1.849423 
1 -2.427370 -0.009554 -0.096201 1.426487 44.266910 547.283170 -1.849423 
1 -2.367946 0.002066 0.172601 1.808704 61.507306 547.279124 -1.865464 
1 -5.065472 -0.044882 -0.144047 1.926362 56.207334 547.284259 -1.865464 
1 -23.473529 -0.021903 -0.048986 1.049015 34.195657 547.302302 -1.865464 
1 -1.172617 -0.088384 -0.009068 1.024147 60.448053 547.294834 -1.865464 
1 0.417570 -0.056351 0.043068 1.169465 48.691505 547.289168 -1.865464 
1 3.531083 -0.026079 -0.312912 1.157182 52.736602 547.288948 -1.865464 
1 -3.025895 -0.050909 -0.277535 0.786137 60.356471 547.284270 -1.865464 
1 -9.876491 -0.054404 -0.147483 1.198520 39.090726 547.293187 -1.865464 
1 2.079138 0.008672 -0.305084 0.835737 54.776042 547.271170 -1.865464 
1 -4.430374 0.010828 -0.078092 0.694420 55.662892 547.290649 -1.865464 
1 1.369165 -0.021110 0.011810 1.594751 50.964240 547.283403 -1.871080 
1 2.262094 -0.012092 -0.183403 1.021671 58.364652 547.322244 -1.871080 
1 -4.942104 -0.094402 -0.104730 0.859691 45.781623 547.314547 -1.871080 
1 -0.734319 -0.023218 -0.062317 1.706412 58.773776 547.290554 -1.871080 
1 -4.003731 -0.009307 -0.089401 1.422636 42.993701 547.298323 -1.871080 
1 1.946240 -0.002808 -0.154244 1.078931 59.324989 547.280753 -1.871080 
1 -0.265197 -0.024857 -0.047073 1.743808 55.472125 547.299754 -1.871080 
1 0.661310 -0.021661 -0.058261 1.364676 61.189090 547.278754 -1.871080 
1 -8.121202 -0.032302 -0.113925 1.961520 45.781578 547.284825 -1.871080 
1 -4.028592 -0.033532 -0.007212 1.641617 64.631400 547.292549 -1.871080 
1 -6.734870 -0.007877 -0.289006 0.632930 51.903704 547.283034 -1.877746 
1 3.309049 -0.013063 -0.257479 1.281515 52.009109 547.285242 -1.877746 
1 -1.727747 -0.018089 0.032160 1.824925 58.026693 547.279947 -1.877746 
1 3.539620 -0.039281 -0.048941 1.353963 53.278279 547.293265 -1.877746 
1 2.457731 -0.045330 -0.330500 0.945907 53.001979 547.296631 -1.877746 
1 -7.710256 -0.040140 0.099336 2.107913 51.035315 547.310615 -1.877746 
1 0.387653 0.007476 -0.028964 1.346571 61.673212 547.292574 -1.877746 
1 0.341594 -0.023748 -0.048852 1.405692 61.447708 547.280080 -1.877746 
1 -7.709118 -0.041228 -0.397140 1.871987 53.393243 547.287603 -1.877746 
1 -4.283576 -0.037472 -0.019220 1.772435 63.340416 547.293294 -1.877746 
1 -15.995236 -0.041419 -0.183226 0.573666 62.221354 547.288003 -1.892016 
1 -1.541054 -0.024437 -0.249630 1.557344 60.375812 547.303960 -1.892016 
1 3.132478 -0.045337 -0.045306 1.276508 51.259785 547.311003 -1.892016 
1 -5.098632 0.009192 -0.312604 0.945542 64.587222 547.297984 -1.892016 
1 -0.993407 -0.030700 -0.153770 1.270171 62.689943 547.305664 -1.892016 
1 1.025915 -0.018758 -0.033305 0.917023 54.408486 547.291567 -1.892016 
1 -3.498482 -0.056489 -0.188689 1.678211 62.144818 547.277401 -1.892016 
1 3.010962 -0.032234 -0.020729 1.410944 56.743474 547.323628 -1.892016 
1 -2.115966 -0.048906 0.021898 1.217035 63.566696 547.284276 -1.892016 
1 -3.947983 -0.038437 -0.016057 1.763329 63.141844 547.293276 -1.892016 
1 2.972872 -0.013125 -0.065273 1.034625 53.427359 547.284512 -1.904060 
1 0.651018 -0.012816 -0.164712 1.440425 60.007970 547.307644 -1.904060 
1 3.323912 0.005021 -0.069479 1.090167 52.376786 547.318740 -1.904060 
1 -8.013613 -0.029222 -0.120956 1.174147 40.322294 547.301240 -1.904060 
1 -1.600097 -0.001647 -0.158011 1.232666 63.295826 547.297229 -1.904060 
1 -12.910169 0.008263 -0.106200 0.887408 68.658801 547.283078 -1.904060 
1 -4.872237 -0.072330 -0.256509 1.155588 41.842181 547.275556 -1.904060 
1 2.277767 -0.006406 0.014554 1.299940 50.097254 547.281963 -1.904060 
1 -3.079346 -0.058144 -0.131298 1.139347 64.076069 547.280111 -1.904060 
1 -0.019017 -0.049781 -0.160594 1.588633 48.298381 547.283105 -1.904060 
1 2.972872 -0.013125 -0.065273 1.034625 53.427359 547.284512 -1.924563 
1 2.000759 0.015616 -0.135368 0.893017 56.497041 547.308941 -1.924563 
1 -3.403274 -0.011898 -0.090897 1.872498 54.224480 547.265306 -1.924563 
1 -18.301049 -0.084908 -0.128720 1.095873 71.971301 547.301921 -1.924563 
1 1.342212 -0.016246 -0.389168 1.349314 50.622468 547.296357 -1.924563 
1 -0.322370 0.013335 -0.114555 1.187722 45.837952 547.311240 -1.924563 
1 -0.104494 0.001782 -0.273894 0.987414 46.276391 547.285308 -1.924563 
1 -4.858852 -0.006238 -0.333117 1.118138 42.003981 547.301250 -1.924563 
1 -0.286661 -0.056390 -0.222229 0.798564 52.439536 547.290206 -1.924563 
1 0.659001 0.017321 -0.178945 0.958078 60.263085 547.322681 -1.924563 
1 -2.781344 -0.050785 0.054639 1.724698 62.968157 547.297366 -1.943548 
1 0.267006 -0.093814 -0.033465 1.081161 48.510205 547.269055 -1.943548 
1 3.864943 -0.060722 -0.188765 1.188926 53.358420 547.281069 -1.943548 
1 -13.403397 -0.053613 -0.105871 1.001594 69.448845 547.301337 -1.943548 
1 -4.332564 -0.049527 0.081027 1.948378 49.004390 547.305873 -1.943548 
1 3.209651 -0.034323 -0.112790 1.034166 53.986818 547.303987 -1.943548 
1 -5.929510 -0.056299 -0.105634 1.042053 65.549300 547.288375 -1.943548 
1 -3.381246 -0.013272 -0.294835 1.148507 63.889716 547.315222 -1.943548 
1 3.201966 -0.051515 -0.253286 1.002969 53.425842 547.298561 -1.943548 
1 -0.897425 0.008677 -0.155655 1.039838 62.291347 547.315276 -1.943548 
1 -6.616159 -0.039598 -0.326982 0.675290 51.791745 547.322038 -1.972255 
1 -2.602781 0.009643 -0.093737 0.751300 49.708009 547.297723 -1.972255 
1 -8.591393 -0.002647 -0.162636 1.460520 67.819555 547.259915 -1.972255 
1 -1.457556 -0.019201 -0.077712 1.007065 46.105068 547.296940 -1.972255 
1 -2.671377 -0.057313 0.058598 1.909521 51.378922 547.294981 -1.972255 
1 -3.693019 -0.079280 -0.019246 0.974904 62.513263 547.296201 -1.972255 
1 0.823177 0.027642 -0.010773 0.905072 53.418109 547.295319 -1.972255 
1 0.204454 -0.021390 -0.094869 0.908633 49.248756 547.284749 -1.972255 
1 -0.937424 -0.016755 0.038186 1.461333 46.360836 547.282247 -1.972255 
1 -6.327425 0.013872 -0.113511 1.276349 41.269199 547.281846 -1.972255 
1 3.800544 -0.045735 -0.085730 1.249860 54.198983 547.307189 -1.977070 
1 -0.356324 -0.042052 -0.059541 0.844253 53.216436 547.282405 -1.977070 
1 -1.019237 -0.049405 0.066650 1.227808 62.386618 547.290784 -1.977070 
1 3.737383 -0.049280 -0.167374 1.229405 52.064603 547.291509 -1.977070 
1 0.521900 -0.087379 0.038819 1.142092 59.356207 547.305331 -1.977070 
1 -0.026518 -0.088622 -0.155431 1.517573 46.801319 547.299818 -1.977070 
1 -3.045656 -0.063388 -0.025723 1.819347 47.464343 547.293448 -1.977070 
1 -9.438101 -0.016904 -0.048608 1.113066 40.189939 547.271988 -1.977070 
1 1.499931 -0.077361 -0.279808 1.152342 58.983656 547.280597 -1.977070 
1 -0.375222 -0.017347 -0.300259 1.573820 56.118246 547.267801 -1.977070 
1 0.629677 -0.054473 -0.013796 1.457676 60.897170 547.288694 -1.990800 
1 2.437105 -0.019583 -0.127775 1.032305 57.781417 547.310221 -1.990800 
1 1.966342 -0.029795 -0.309363 0.878306 53.096464 547.294649 -1.990800 
1 1.040531 -0.057269 0.044215 1.479903 60.257103 547.296818 -1.990800 
1 2.239616 -0.039066 0.046870 1.582671 54.232616 547.308484 -1.990800 
1 -1.798686 0.007547 -0.198300 1.492757 61.959410 547.276683 -1.990800 
1 -0.917272 -0.052819 -0.369052 0.837817 50.156970 547.294182 -1.990800 
1 -9.499753 -0.016954 -0.049273 1.108936 40.170098 547.270061 -1.990800 
1 2.694147 -0.050244 -0.120254 0.995217 53.001436 547.279913 -1.990800 
1 -12.769050 0.021874 -0.184281 0.722588 41.284373 547.283125 -1.990800 
1 3.914866 -0.030758 -0.212915 1.206915 53.561495 547.282708 -1.987172 
1 2.960287 -0.056267 -0.165960 1.177737 57.509942 547.278705 -1.987172 
1 -0.221637 -0.060835 -0.295789 1.608432 50.907570 547.301336 -1.987172 
1 2.143668 -0.011782 -0.085361 1.360932 59.040331 547.299571 -1.987172 
1 2.919125 -0.003593 -0.021986 1.284886 50.915906 547.291671 -1.987172 
1 0.904144 0.001998 -0.033587 1.259785 47.610659 547.305240 -1.987172 
1 -1.505729 -0.014000 -0.081244 1.331256 44.866114 547.301389 -1.987172 
1 -2.642151 -0.022852 -0.304752 0.805960 61.026821 547.280604 -1.987172 
1 0.590021 -0.018887 -0.145688 1.563971 58.424834 547.283419 -1.987172 
1 -4.829917 -0.015955 0.013452 0.965505 63.722385 547.312198 -1.987172 
1 -1.357381 -0.023628 0.113737 0.960791 55.245911 547.291332 -1.978332 
1 1.881584 0.023876 -0.132502 1.184724 59.855573 547.293378 -1.978332 
1 -0.682761 -0.017603 -0.091508 1.149547 45.751309 547.300368 -1.978332 
1 3.441341 -0.005561 -0.168447 1.326177 55.419733 547.300800 -1.978332 
1 0.527020 -0.021950 0.015019 1.298512 61.415207 547.301196 -1.978332 
1 1.934235 -0.013136 0.053721 1.605461 54.231088 547.308599 -1.978332 
1 -0.332232 -0.011517 0.017602 1.348937 62.451863 547.294775 -1.978332 
1 -2.745071 -0.027552 -0.223063 1.274080 63.798063 547.278365 -1.978332 
1 2.455402 -0.088985 -0.234835 1.392840 56.763047 547.283945 -1.978332 
1 3.922381 -0.004497 -0.166473 1.244194 53.462655 547.298789 -1.978332 
1 -6.460543 -0.029119 -0.165025 1.746788 43.292910 547.276580 -1.978045 
1 3.923244 -0.004358 -0.115996 1.252233 54.352499 547.286023 -1.978045 
1 3.104016 -0.044813 -0.161426 1.427981 53.728114 547.284936 -1.978045 
1 -5.414449 -0.047172 -0.075695 1.883224 61.744690 547.275657 -1.978045 
1 0.692148 0.000367 -0.015971 1.275304 61.350512 547.296101 -1.978045 
1 2.423505 -0.022985 0.117244 1.530041 54.450067 547.309430 -1.978045 
1 -5.456653 -0.072735 0.031911 1.857289 63.934519 547.281869 -1.978045 
1 3.861475 0.007100 -0.175542 1.147257 52.052256 547.281623 -1.978045 
1 1.450235 -0.044519 -0.281137 0.956260 49.131832 547.275164 -1.978045 
1 2.121539 -0.054416 -0.042781 1.233434 58.979328 547.295388 -1.978045 
1 0.245587 0.000366 -0.111902 0.965654 47.764644 547.280233 -1.972437 
1 2.440279 -0.009980 -0.108580 0.964651 56.233107 547.283534 -1.972437 
1 -4.421268 -0.011212 0.200674 0.954281 57.253982 547.303303 -1.972437 
1 0.113803 -0.035503 -0.050410 1.709172 51.560728 547.278619 -1.972437 
1 3.109424 0.034072 0.055321 1.331789 53.190840 547.297562 -1.972437 
1 -0.006966 -0.014009 -0.207274 1.599006 50.133569 547.286635 -1.972437 
1 2.190207 -0.031713 -0.088973 1.271405 48.898999 547.287313 -1.972437 
1 3.654539 0.024238 -0.070807 1.324839 54.302405 547.297451 -1.972437 
1 1.401288 -0.020956 -0.076366 1.165708 60.174386 547.281417 -1.972437 
1 -2.656886 -0.038361 -0.162226 1.496850 44.188653 547.286053 -1.972437 
1 -3.255905 -0.030207 -0.072882 1.790596 47.349627 547.294178 -1.981651 
1 0.741793 -0.045197 -0.087837 1.621105 57.956165 547.301703 -1.981651 
1 2.301626 -0.085094 -0.157791 1.070456 50.042539 547.287950 -1.981651 
1 -2.585272 -0.055359 -0.096339 1.356201 43.806998 547.281281 -1.981651 
1 1.202282 0.042515 -0.012508 1.511970 59.181068 547.287991 -1.981651 
1 -12.686002 -0.026550 -0.065772 1.375458 37.741685 547.302102 -1.981651 
1 -5.933194 0.000793 -0.330779 1.001693 65.174500 547.292829 -1.981651 
1 2.926896 -0.061650 0.037879 1.235848 54.215619 547.297040 -1.981651 
1 3.886094 -0.041229 -0.224966 1.148687 53.516798 547.285594 -1.981651 
1 3.499919 0.027755 -0.130754 1.112858 51.220758 547.309020 -1.981651 
1 -3.581459 -0.020833 -0.027283 1.832744 47.820637 547.292983 -1.985104 
1 -0.796713 -0.050081 -0.005098 1.383179 62.734376 547.293031 -1.985104 
1 -1.689010 -0.030521 -0.107889 0.764157 55.723016 547.307433 -1.985104 
1 1.487409 0.035452 -0.254250 0.849013 58.223620 547.298805 -1.985104 
1 2.619291 -0.030600 -0.113342 1.025699 56.866507 547.292423 -1.985104 
1 -1.931760 -0.028649 0.134614 1.430398 63.881835 547.288584 -1.985104 
1 -3.514214 -0.010553 -0.356764 0.843172 62.241773 547.291538 -1.985104 
1 2.174230 -0.048582 0.174885 1.403389 54.413291 547.296030 -1.985104 
1 3.366040 -0.050800 -0.284850 1.276248 52.765789 547.301912 -1.985104 
1 -2.306372 0.030293 -0.131296 0.727404 57.929823 547.292376 -1.985104 
1 -0.146180 -0.040101 -0.246074 0.829927 49.885055 547.294370 -1.994375 
1 1.639572 -0.048217 -0.062714 1.553535 57.857631 547.282011 -1.994375 
1 -5.314855 -0.042383 -0.033852 1.355905 42.132639 547.275940 -1.994375 
1 -5.136687 -0.004007 -0.229349 1.078069 65.367105 547.291132 -1.994375 
1 2.717415 -0.032443 -0.293682 1.227589 49.801093 547.293986 -1.994375 
1 -2.230726 -0.023921 -0.115473 1.342308 63.861201 547.287121 -1.994375 
1 -4.629051 -0.064603 -0.261615 0.769323 61.198882 547.302127 -1.994375 
1 -0.538643 -0.027362 -0.174079 1.540389 60.406830 547.297565 -1.994375 
1 3.227331 0.034397 -0.150670 1.187534 50.410185 547.309463 -1.994375 
1 1.773266 -0.044943 -0.359347 1.269366 48.981271 547.296744 -1.994375 
1 0.333288 -0.016351 -0.120950 0.949106 48.167568 547.270964 -1.961610 
1 1.214442 -0.049981 -0.069811 1.569226 58.433913 547.283242 -1.961610 
1 0.504112 -0.056984 -0.274634 0.859658 57.209169 547.287257 -1.961610 
1 1.863944 -0.016841 -0.232093 1.126624 47.963604 547.295257 -1.961610 
1 1.823361 0.019243 -0.042577 1.369817 49.114160 547.299843 -1.961610 
1 3.607142 -0.031740 -0.212495 1.132153 55.876168 547.290318 -1.961610 
1 2.712275 -0.023382 -0.002592 1.390734 57.809102 547.306561 -1.961610 
1 -0.661822 -0.027683 -0.173737 1.540531 60.580089 547.297449 -1.961610 
1 3.875672 0.010957 -0.162393 1.229819 52.704249 547.319209 -1.961610 
1 1.996456 -0.047390 -0.344941 1.286378 49.365238 547.296894 -1.961610 
1 0.362017 -0.020559 -0.140027 0.910093 48.714831 547.324804 -1.942885 
1 1.294068 -0.036755 -0.126319 1.615935 54.430016 547.296061 -1.942885 
1 1.938967 -0.036598 -0.256842 0.970795 57.824252 547.306270 -1.942885 
1 -1.324975 -0.030623 -0.005525 1.197307 62.977513 547.278663 -1.942885 
1 3.907262 -0.026324 -0.163286 1.180352 54.950283 547.282803 -1.942885 
1 -3.489586 -0.031714 -0.123431 1.704004 62.330555 547.302486 -1.942885 
1 1.783253 0.007565 -0.302259 1.379075 50.724966 547.301014 -1.942885 
1 1.679967 -0.037313 -0.315057 0.934900 57.244922 547.311959 -1.942885 
1 2.248500 -0.082252 -0.347523 1.239655 56.663261 547.311746 -1.942885 
1 -0.405948 -0.033657 -0.254815 0.775363 52.144869 547.286399 -1.942885 
1 0.257460 -0.020337 -0.139682 0.905214 48.671035 547.320906 -1.948950 
1 2.028690 -0.047200 -0.309622 0.985978 49.817326 547.279165 -1.948950 
1 0.642556 -0.034329 0.145321 1.243901 59.723858 547.285871 -1.948950 
1 3.502211 -0.036749 -0.069992 1.142044 54.884163 547.312596 -1.948950 
1 0.175236 -0.018372 -0.145540 1.629303 57.394815 547.300775 -1.948950 
1 -10.072240 -0.013571 -0.306633 0.598984 53.166827 547.284636 -1.948950 
1 -1.485805 0.025665 -0.085891 1.327557 63.418815 547.283921 -1.948950 
1 2.762141 -0.047319 -0.046634 1.453676 56.871831 547.299443 -1.948950 
1 -3.108252 -0.018597 0.020550 1.889605 58.009162 547.283542 -1.948950 
1 1.968632 -0.024972 -0.105365 1.541350 51.825181 547.293277 -1.948950 
1 2.783090 -0.034124 -0.232070 1.321570 56.821990 547.303975 -1.923625 
1 2.769572 -0.056390 -0.030435 1.383742 50.845795 547.270159 -1.923625 
1 0.130771 -0.039849 -0.193576 0.909037 59.453953 547.287898 -1.923625 
1 1.453761 0.001372 -0.133193 1.279784 60.222538 547.321872 -1.923625 
1 2.247303 -0.000222 -0.156011 0.878830 53.826780 547.306077 -1.923625 
1 2.407926 -0.047561 -0.171535 1.422527 57.202500 547.284753 -1.923625 
1 -0.226153 -0.040341 0.056219 1.706989 49.765617 547.274951 -1.923625 
1 -0.860045 -0.010330 -0.117645 1.202135 62.731503 547.277948 -1.923625 
1 3.197083 -0.003338 -0.079933 1.267912 57.427030 547.295579 -1.923625 
1 -0.924015 0.023956 -0.160202 1.259127 45.179310 547.279494 -1.923625 
1 3.410021 -0.080845 -0.262894 1.193200 51.453041 547.313717 -1.878294 
1 2.973828 -0.011304 -0.278181 0.935307 55.008988 547.290100 -1.878294 
1 3.317058 -0.054492 -0.199684 1.338265 51.688634 547.297605 -1.878294 
1 -0.832357 -0.061345 0.042961 1.380856 46.369067 547.299401 -1.878294 
1 1.774320 -0.070896 -0.351005 0.936974 53.710474 547.306325 -1.878294 
1 -3.841847 -0.029230 -0.182269 1.506481 43.300914 547.326380 -1.878294 
1 2.817765 -0.032749 -0.143191 1.403717 56.719485 547.302760 -1.878294 
1 3.510970 0.013609 -0.274197 1.033362 55.838766 547.299150 -1.878294 
1 3.419408 -0.060229 -0.163021 1.140875 56.067961 547.289484 -1.878294 
1 1.748703 0.007706 -0.047787 1.100255 59.349276 547.278350 -1.878294 
1 -1.715921 0.008735 -0.163742 1.391316 62.962279 547.299341 -1.856002 
1 -0.314797 -0.031620 -0.067387 1.405356 62.102153 547.281597 -1.856002 
1 1.254819 -0.035581 0.003400 1.617660 51.039125 547.278666 -1.856002 
1 1.147809 -0.051737 -0.093097 1.307206 47.457036 547.300547 -1.856002 
1 -0.425477 -0.031127 -0.056708 1.331345 62.408680 547.290444 -1.856002 
1 3.021474 -0.010497 -0.205744 1.335664 51.166650 547.264318 -1.856002 
1 -0.277393 -0.012046 -0.050129 1.175723 62.107678 547.288923 -1.856002 
1 3.789856 -0.000177 -0.186038 1.064759 52.378083 547.309806 -1.856002 
1 2.572668 -0.048999 -0.086540 1.013400 55.193330 547.281312 -1.856002 
1 1.595081 -0.018539 -0.258199 1.484692 51.986120 547.297554 -1.856002 
1 3.645534 -0.046716 -0.260054 1.084396 53.980397 547.291299 -1.796780 
1 2.143774 -0.041205 0.141465 1.374903 57.565384 547.291265 -1.796780 
1 2.503135 -0.013784 -0.060775 1.322551 58.670484 547.273795 -1.796780 
1 1.127702 0.009849 -0.123537 1.515846 49.717577 547.303738 -1.796780 
1 2.319860 -0.007129 -0.060891 1.534539 55.125635 547.314369 -1.796780 
1 2.045312 -0.039725 -0.117447 1.495656 57.372275 547.272453 -1.796780 
1 3.900517 0.011152 -0.123035 1.114332 54.903553 547.292958 -1.796780 
1 -0.092390 -0.008676 -0.329511 1.111835 60.797808 547.311774 -1.796780 
1 2.775300 -0.013460 -0.019025 1.208721 50.849730 547.273087 -1.796780 
1 3.555864 -0.043333 -0.080705 1.289711 55.953789 547.298549 -1.796780 
1 1.629407 0.009905 -0.391452 1.006203 48.852655 547.304914 -1.742320 
1 3.551290 -0.070372 -0.224703 1.136531 51.934881 547.281432 -1.742320 
1 3.249024 -0.044126 0.003016 1.228422 53.410863 547.281259 -1.742320 
1 1.583236 0.006044 -0.127624 1.526475 51.127924 547.308933 -1.742320 
1 3.023086 -0.021920 -0.304452 1.057966 50.574043 547.289131 -1.742320 
1 2.550782 0.019390 -0.105449 1.427218 56.939441 547.289465 -1.742320 
1 1.280462 -0.025857 -0.242580 1.535960 52.877217 547.304043 -1.742320 
1 -1.574771 -0.018385 -0.340252 1.094226 62.038090 547.314329 -1.742320 
1 3.433922 0.013460 -0.235986 0.941801 54.380215 547.284823 -1.742320 
1 3.378965 -0.042805 -0.164366 1.367070 55.053933 547.297753 -1.742320 
1 2.255722 -0.020156 -0.207784 1.280470 48.783291 547.271099 -1.682163 
1 2.530347 -0.069549 -0.255945 1.424537 55.089697 547.303977 -1.682163 
1 1.756545 -0.040243 0.014007 1.051591 56.222039 547.278519 -1.682163 
1 1.642317 0.009352 -0.172844 1.460053 50.082968 547.299654 -1.682163 
1 1.117340 -0.055741 0.151318 1.366738 59.574396 547.309507 -1.682163 
1 -0.879548 -0.006335 -0.049538 1.726968 58.210659 547.280694 -1.682163 
1 2.447870 -0.053202 -0.222640 0.969692 51.150885 547.306779 -1.682163 
1 3.376218 -0.037614 -0.289472 1.128478 55.553641 547.296782 -1.682163 
1 2.039121 -0.010027 -0.127814 0.903263 55.523767 547.276081 -1.682163 
1 0.375379 -0.017990 -0.265770 0.855649 49.109836 547.295281 -1.682163 
1 -3.443937 -0.050034 0.071232 0.878470 57.616856 547.295985 -1.658514 
1 0.783435 -0.050832 -0.071623 1.576580 49.019840 547.288484 -1.658514 
1 3.629368 -0.036525 -0.210721 1.087699 52.042649 547.307464 -1.658514 
1 2.583230 -0.035522 -0.326414 1.030018 50.238617 547.310206 -1.658514 
1 -0.620980 0.015058 0.076519 1.468468 62.633888 547.319615 -1.658514 
1 -0.210972 -0.005442 -0.085356 1.698976 56.445454 547.280488 -1.658514 
1 1.237849 -0.035069 -0.199704 0.997438 48.217816 547.319502 -1.658514 
1 2.440509 -0.045589 -0.231597 1.398825 56.504234 547.298244 -1.658514 
1 -4.550400 -0.039914 -0.133176 1.015321 64.599283 547.281122 -1.658514 
1 1.625344 -0.019462 -0.219983 0.898437 50.183491 547.291866 -1.658514 
1 3.704338 -0.043762 -0.115075 1.326101 53.231286 547.277227 -1.585895 
1 3.664626 -0.024167 -0.256272 1.238127 53.119528 547.292680 -1.585895 
1 3.436669 -0.019348 -0.266540 1.250296 54.892297 547.302018 -1.585895 
1 3.328410 -0.037123 -0.155509 1.386910 52.874403 547.303414 -1.585895 
1 3.599473 -0.053455 -0.091598 1.154667 54.353331 547.298455 -1.585895 
1 3.373210 -0.007052 -0.128999 1.083083 51.460830 547.315087 -1.585895 
1 0.350756 -0.000171 -0.173277 1.615711 55.811345 547.280977 -1.585895 
1 -1.766528 -0.001960 -0.169084 1.742270 52.019488 547.289463 -1.585895 
1 3.295365 -0.014479 -0.202853 1.341271 52.383809 547.292977 -1.585895 
1 3.869968 -0.008120 -0.083882 1.222307 54.748597 547.302385 -1.585895 
1 1.691383 -0.052769 -0.115184 1.019584 49.652979 547.300341 -1.524952 
1 2.854285 -0.046360 -0.111041 1.048586 56.207697 547.297020 -1.524952 
1 2.919252 -0.035386 -0.169661 1.350863 50.532915 547.280873 -1.524952 
1 1.904022 -0.044079 -0.112591 1.176523 48.473423 547.287575 -1.524952 
1 1.926699 0.007308 -0.049088 1.187293 48.933065 547.305638 -1.524952 
1 3.330267 -0.018891 -0.026473 1.289974 52.044460 547.310140 -1.524952 
1 0.894978 -0.033874 -0.085015 1.300315 47.201491 547.288247 -1.524952 
1 2.375971 -0.011920 -0.138826 1.185748 48.874043 547.286613 -1.524952 
1 3.180803 -0.010367 -0.201370 1.349657 52.103935 547.293058 -1.524952 
1 0.522517 -0.037268 -0.228194 0.826235 56.801930 547.304833 -1.524952 
1 1.869918 -0.011411 -0.188100 1.092160 48.166346 547.259559 -1.452844 
1 2.929279 -0.031627 -0.079477 1.289631 57.851340 547.279479 -1.452844 
1 -0.737369 -0.068288 -0.004259 1.398531 46.049149 547.301749 -1.452844 
1 3.210231 -0.083759 -0.199748 1.059089 54.323576 547.272951 -1.452844 
1 3.398981 -0.067920 -0.008879 1.348535 54.676109 547.301068 -1.452844 
1 3.127169 -0.009634 -0.026986 1.445639 54.816375 547.280333 -1.452844 
1 3.328047 -0.036127 -0.142598 1.338217 56.206613 547.307529 -1.452844 
1 2.701337 -0.038303 -0.114185 0.993846 55.320274 547.281648 -1.452844 
1 1.247186 -0.010275 0.122734 1.563786 59.240541 547.288087 -1.452844 
1 -0.644260 0.012298 -0.117082 1.144793 62.515752 547.301066 -1.452844 
1 3.621765 0.013352 -0.079003 1.085208 54.318996 547.305312 -1.362534 
1 1.739560 -0.035765 -0.285885 1.472247 53.713948 547.297397 -1.362534 
1 2.134324 0.002355 -0.284597 1.115721 58.585814 547.275848 -1.362534 
1 2.795082 -0.080368 -0.094438 1.122166 56.586502 547.302734 -1.362534 
1 0.857954 -0.047632 -0.034010 1.323459 60.947661 547.301441 -1.362534 
1 2.323748 0.000031 0.006957 1.361723 58.853357 547.288576 -1.362534 
1 3.486709 0.007805 -0.213561 1.283251 52.328535 547.306448 -1.362534 
1 3.279420 -0.025200 -0.123373 1.376050 55.840733 547.296554 -1.362534 
1 1.011513 -0.089458 -0.010161 1.019149 56.424497 547.296713 -1.362534 
1 3.133329 0.012217 -0.192585 1.045076 50.371062 547.309642 -1.362534 
1 3.641914 0.011717 -0.059824 1.130763 54.979310 547.301950 -1.220110 
1 2.366206 -0.054803 -0.349631 1.354465 52.907475 547.285539 -1.220110 
1 3.344943 -0.018783 -0.075088 1.261304 56.957104 547.298222 -1.220110 
1 3.841497 0.014401 -0.138116 1.154438 55.799095 547.300504 -1.220110 
1 1.840004 -0.048967 -0.133428 1.003221 49.866835 547.290801 -1.220110 
1 3.309627 -0.025764 -0.084524 1.066447 54.166749 547.293408 -1.220110 
1 3.988689 -0.013565 -0.145862 1.218654 54.078774 547.308676 -1.220110 
1 3.466259 -0.025090 -0.144297 1.266010 51.231160 547.281390 -1.220110 
1 3.824329 0.004908 -0.113220 1.243639 52.670965 547.302406 -1.220110 
1 3.159624 0.004192 -0.211442 1.072642 50.230437 547.305411 -1.220110 
1 1.991312 0.013035 -0.177165 1.132173 59.527383 547.318212 -1.117355 
1 0.777367 -0.043653 -0.341375 1.175457 59.493395 547.291941 -1.117355 
1 1.032220 -0.044705 -0.047038 1.099856 48.554093 547.294181 -1.117355 
1 2.580995 -0.062806 -0.252837 1.014578 56.515255 547.322031 -1.117355 
1 3.170047 -0.013283 -0.194911 1.059481 56.962035 547.309054 -1.117355 
1 2.958043 0.005304 -0.082827 1.029844 56.261421 547.286108 -1.117355 
1 3.054950 -0.049924 -0.031975 1.123355 54.415497 547.268346 -1.117355 
1 3.743981 -0.012775 -0.099979 1.310438 54.796946 547.298006 -1.117355 
1 3.635538 0.001581 -0.051885 1.175898 53.065284 547.277194 -1.117355 
1 2.509056 -0.020258 -0.160336 1.340719 49.591039 547.303096 -1.117355 
1 3.576576 -0.041066 -0.151091 1.181298 51.472894 547.308740 -0.993333 
1 2.013925 0.022565 -0.264918 1.213605 58.660513 547.307328 -0.993333 
1 2.440132 -0.049581 -0.258818 1.197106 57.979568 547.284268 -0.993333 
1 3.934232 -0.024170 -0.158224 1.221732 54.616816 547.298931 -0.993333 
1 0.578388 -0.012756 -0.058017 0.868209 54.632949 547.301587 -0.993333 
1 1.945359 -0.035784 -0.050494 1.469022 49.791127 547.289286 -0.993333 
1 2.195863 -0.023933 -0.154069 0.932204 51.438412 547.306660 -0.993333 
1 3.367176 -0.028744 -0.092411 1.403528 54.746898 547.288596 -0.993333 
1 3.687151 -0.026642 -0.051576 1.312579 54.664938 547.293641 -0.993333 
1 3.446450 -0.042049 -0.079084 1.372744 52.667227 547.288084 -0.993333 
1 2.546333 0.002233 -0.104367 1.275004 49.453897 547.286443 -0.875681 
1 3.682649 -0.042248 -0.195939 1.266943 52.187163 547.299341 -0.875681 
1 2.009058 -0.015540 -0.150232 0.963801 50.045766 547.279819 -0.875681 
1 3.783854 -0.049763 -0.132579 1.278849 52.845905 547.296281 -0.875681 
1 2.334048 -0.048771 -0.352110 1.115072 49.490594 547.278505 -0.875681 
1 2.975343 -0.060031 -0.068351 1.483673 54.686199 547.299847 -0.875681 
1 1.478565 -0.047729 -0.154317 1.578369 51.757115 547.298614 -0.875681 
1 3.766582 -0.020669 -0.157993 1.231031 55.614695 547.290084 -0.875681 
1 0.871716 0.011582 -0.101542 1.561593 50.110107 547.299641 -0.875681 
1 3.399934 -0.051179 -0.131958 1.189771 51.170577 547.278333 -0.875681 
1 3.576660 -0.058287 -0.186493 1.328804 54.494837 547.287363 -0.748402 
1 3.781282 -0.046736 -0.154642 1.271387 54.921290 547.314087 -0.748402 
1 0.525427 -0.028108 -0.101054 0.951559 59.156463 547.294690 -0.748402 
1 3.865470 -0.046282 -0.173725 1.244627 53.013577 547.284117 -0.748402 
1 2.769649 -0.059221 -0.024067 1.122034 52.822157 547.311253 -0.748402 
1 3.367461 -0.048458 -0.009812 1.396735 54.169038 547.297462 -0.748402 
1 0.185644 0.002909 -0.281993 1.555903 52.425719 547.293276 -0.748402 
1 3.322703 -0.049653 -0.054898 1.161613 55.498479 547.296342 -0.748402 
1 -0.481649 -0.008115 -0.125919 1.656680 49.684912 547.316625 -0.748402 
1 3.214740 -0.063839 -0.218219 1.077991 51.312814 547.290635 -0.748402 
1 3.839932 -0.016076 -0.254846 1.163463 54.193401 547.304176 -0.650719 
1 2.434223 -0.032302 -0.113813 1.169749 49.246802 547.299843 -0.650719 
1 2.840834 -0.005975 -0.051640 1.082510 51.609302 547.307745 -0.650719 
1 -0.147690 -0.058410 -0.114883 0.830107 54.774211 547.292041 -0.650719 
1 3.536813 -0.052545 -0.190361 1.331167 52.638528 547.290066 -0.650719 
1 0.893843 0.010925 -0.288832 0.991121 59.956632 547.286572 -0.650719 
1 3.295281 -0.023085 -0.050196 1.257283 51.534497 547.287083 -0.650719 
1 1.424156 -0.021447 0.052202 1.547305 50.329185 547.283557 -0.650719 
1 2.009948 -0.010543 -0.084993 1.499489 50.782373 547.287286 -0.650719 
1 3.508079 -0.018343 -0.314863 1.051551 52.976483 547.305378 -0.650719 
1 3.830430 -0.023324 -0.196236 1.122695 52.320217 547.309245 -0.529282 
1 2.504135 -0.074737 -0.193428 1.008792 51.168757 547.299781 -0.529282 
1 3.741367 -0.015646 -0.269055 1.107057 54.728652 547.285225 -0.529282 
1 2.896972 -0.043583 0.017678 1.426804 52.197516 547.290054 -0.529282 
1 2.474050 -0.054063 -0.215431 1.345026 49.520748 547.280141 -0.529282 
1 -0.278236 -0.051474 -0.220141 0.930963 60.104677 547.286686 -0.529282 
1 3.587224 -0.029478 -0.048428 1.251353 55.669866 547.284841 -0.529282 
1 2.710640 -0.018668 -0.140867 1.031857 50.493023 547.287395 -0.529282 
1 3.275041 -0.011386 -0.129189 1.094499 56.822051 547.279152 -0.529282 
1 0.254500 -0.041221 -0.176716 0.805180 53.365201 547.262749 -0.529282 
1 2.923748 -0.011873 0.053384 1.256390 52.804442 547.301951 -0.398048 
1 4.052859 0.023494 -0.201675 1.078248 54.337839 547.297352 -0.398048 
1 3.612710 -0.050982 -0.244153 1.255883 54.504460 547.290104 -0.398048 
1 3.279478 -0.034860 0.013604 1.229825 54.426637 547.298382 -0.398048 
1 2.308224 0.021487 -0.171321 1.211101 59.057393 547.292124 -0.398048 
1 3.152549 0.014948 0.031143 1.283485 56.718752 547.311963 -0.398048 
1 3.407364 -0.054834 -0.118845 1.114102 55.438283 547.308777 -0.398048 
1 3.461643 0.008610 -0.171624 1.077244 56.684949 547.311181 -0.398048 
1 3.095622 0.002876 -0.057523 1.084670 56.365933 547.304955 -0.398048 
1 0.787718 -0.050721 -0.116668 0.866912 52.983825 547.312418 -0.398048 
