#REFERENCE 3 318.8635275 -0.6380758
1	-3.375000	-3.931117	-1.583208	-2.404888	
1	-3.388872	-3.902344	-1.575145	-2.395991	
2	-3.388872	-3.902344	-1.575145	-2.395991	
2	-3.412109	-3.849609	-1.559531	-2.379043	
3	-3.427734	-3.810360	-1.547258	-2.365959	
3	-3.412109	-3.849609	-1.559531	-2.379043	
4	-3.427734	-3.810360	-1.547258	-2.365959	
4	-3.432918	-3.796875	-1.542977	-2.361441	
5	-3.432918	-3.796875	-1.542977	-2.361441	
5	-3.451464	-3.744141	-1.525521	-2.343249	
6	-3.451464	-3.744141	-1.525521	-2.343249	
6	-3.467941	-3.691406	-1.507220	-2.324549	
7	-3.480469	-3.646132	-1.490822	-2.308092	
7	-3.467941	-3.691406	-1.507220	-2.324549	
8	-3.480469	-3.646132	-1.490822	-2.308092	
8	-3.482479	-3.638672	-1.488104	-2.305390	
9	-3.482479	-3.638672	-1.488104	-2.305390	
9	-3.495231	-3.585938	-1.468221	-2.285838	
10	-3.495231	-3.585938	-1.468221	-2.285838	
10	-3.506278	-3.533203	-1.447589	-2.265924	
11	-3.506278	-3.533203	-1.447589	-2.265924	
11	-3.515711	-3.480469	-1.426231	-2.245687	
12	-3.515711	-3.480469	-1.426231	-2.245687	
12	-3.523613	-3.427734	-1.404167	-2.225161	
13	-3.523613	-3.427734	-1.404167	-2.225161	
13	-3.530059	-3.375000	-1.381421	-2.204380	
14	-1.107422	-4.223868	-1.278764	-1.599441	
14	-1.099136	-4.218750	-1.276845	-1.592550	
15	-1.160156	-4.254834	-1.290869	-1.641970	
15	-1.107422	-4.223868	-1.278764	-1.599441	
16	-1.265625	-4.312633	-1.315547	-1.724059	
16	-1.212891	-4.284375	-1.303125	-1.683465	
17	-1.212891	-4.284375	-1.303125	-1.683465	
17	-1.190149	-4.271484	-1.297734	-1.665398	
18	-1.190149	-4.271484	-1.297734	-1.665398	
18	-1.160156	-4.254834	-1.290869	-1.641970	
19	-1.529297	-4.434397	-1.379361	-1.913305	
19	-1.518053	-4.429688	-1.376543	-1.905538	
20	-1.582031	-4.454935	-1.392364	-1.948515	
20	-1.529297	-4.434397	-1.379361	-1.913305	
21	-1.687500	-4.491723	-1.418320	-2.015924	
21	-1.660233	-4.482422	-1.411507	-1.998585	
22	-1.634766	-4.473963	-1.405329	-1.982649	
22	-1.582031	-4.454935	-1.392364	-1.948515	
23	-1.660233	-4.482422	-1.411507	-1.998585	
23	-1.634766	-4.473963	-1.405329	-1.982649	
24	-1.476562	-4.412735	-1.366462	-1.877352	
24	-1.423828	-4.389647	-1.353587	-1.840383	
25	-1.423828	-4.389647	-1.353587	-1.840383	
25	-1.396676	-4.376953	-1.346899	-1.820726	
26	-1.396676	-4.376953	-1.346899	-1.820726	
26	-1.371094	-4.365273	-1.340799	-1.802518	
27	-1.318359	-4.339625	-1.328120	-1.763766	
27	-1.288549	-4.324219	-1.320908	-1.741152	
28	-1.371094	-4.365273	-1.340799	-1.802518	
28	-1.318359	-4.339625	-1.328120	-1.763766	
29	-1.288549	-4.324219	-1.320908	-1.741152	
29	-1.265625	-4.312633	-1.315547	-1.724059	
30	-1.518053	-4.429688	-1.376543	-1.905538	
30	-1.476562	-4.412735	-1.366462	-1.877352	
31	-0.791016	-4.010816	-1.211381	-1.325109	
31	-0.787119	-4.007812	-1.210603	-1.321444	
32	-0.843750	-4.049778	-1.221903	-1.373289	
32	-0.791016	-4.010816	-1.211381	-1.325109	
33	-0.632812	-3.885940	-1.182120	-1.175077	
33	-0.589957	-3.849609	-1.174796	-1.132618	
34	-0.580078	-3.841324	-1.173188	-1.122957	
34	-0.529271	-3.796875	-1.165025	-1.071714	
35	-0.589957	-3.849609	-1.174796	-1.132618	
35	-0.580078	-3.841324	-1.173188	-1.122957	
36	-0.787119	-4.007812	-1.210603	-1.321444	
36	-0.738281	-3.970685	-1.201254	-1.276163	
37	-0.738281	-3.970685	-1.201254	-1.276163	
37	-0.718667	-3.955078	-1.197521	-1.257398	
38	-0.685547	-3.929059	-1.191488	-1.226149	
38	-0.653021	-3.902344	-1.185609	-1.194486	
39	-0.718667	-3.955078	-1.197521	-1.257398	
39	-0.685547	-3.929059	-1.191488	-1.226149	
40	-0.653021	-3.902344	-1.185609	-1.194486	
40	-0.632812	-3.885940	-1.182120	-1.175077	
41	-0.421875	-3.698631	-1.149429	-0.960585	
41	-0.414391	-3.691406	-1.148413	-0.952543	
42	-0.316406	-3.595640	-1.136492	-0.847051	
42	-0.306954	-3.585938	-1.135446	-0.836514	
43	-0.414391	-3.691406	-1.148413	-0.952543	
43	-0.369141	-3.647962	-1.142643	-0.904371	
44	-0.369141	-3.647962	-1.142643	-0.904371	
44	-0.359807	-3.638672	-1.141490	-0.894157	
45	-0.359807	-3.638672	-1.141490	-0.894157	
45	-0.316406	-3.595640	-1.136492	-0.847051	
46	-0.210938	-3.485833	-1.126294	-0.729015	
46	-0.206024	-3.480469	-1.125888	-0.723328	
47	-0.206024	-3.480469	-1.125888	-0.723328	
47	-0.158203	-3.428223	-1.122358	-0.668243	
48	-0.158203	-3.428223	-1.122358	-0.668243	
48	-0.157770	-3.427734	-1.122329	-0.667732	
49	-0.157770	-3.427734	-1.122329	-0.667732	
49	-0.110870	-3.375000	-1.119558	-0.612773	
50	-0.306954	-3.585938	-1.135446	-0.836514	
50	-0.263672	-3.541616	-1.131025	-0.788607	
51	-0.263672	-3.541616	-1.131025	-0.788607	
51	-0.255725	-3.533203	-1.130253	-0.779580	
52	-0.255725	-3.533203	-1.130253	-0.779580	
52	-0.210938	-3.485833	-1.126294	-0.729015	
53	-0.529271	-3.796875	-1.165025	-1.071714	
53	-0.527344	-3.795205	-1.164731	-1.069794	
54	-0.527344	-3.795205	-1.164731	-1.069794	
54	-0.474609	-3.747683	-1.156803	-1.015705	
55	-0.474609	-3.747683	-1.156803	-1.015705	
55	-0.470825	-3.744141	-1.156245	-1.011712	
56	-0.470825	-3.744141	-1.156245	-1.011712	
56	-0.421875	-3.698631	-1.149429	-0.960585	
57	-1.099136	-4.218750	-1.276845	-1.592550	
57	-1.054688	-4.191814	-1.266920	-1.556190	
58	-1.054688	-4.191814	-1.266920	-1.556190	
58	-1.014357	-4.166016	-1.257915	-1.522113	
59	-1.001953	-4.158228	-1.255248	-1.511806	
59	-0.949219	-4.123430	-1.243854	-1.466592	
60	-1.014357	-4.166016	-1.257915	-1.522113	
60	-1.001953	-4.158228	-1.255248	-1.511806	
61	-0.949219	-4.123430	-1.243854	-1.466592	
61	-0.934561	-4.113281	-1.240679	-1.453630	
62	-0.934561	-4.113281	-1.240679	-1.453630	
62	-0.896484	-4.087351	-1.232745	-1.420485	
63	-0.896484	-4.087351	-1.232745	-1.420485	
63	-0.859036	-4.060547	-1.224957	-1.386819	
64	-0.859036	-4.060547	-1.224957	-1.386819	
64	-0.843750	-4.049778	-1.221903	-1.373289	
65	-2.794922	-4.491770	-1.643647	-2.473639	
65	-2.815765	-4.482422	-1.645608	-2.476638	
66	-2.794922	-4.491770	-1.643647	-2.473639	
66	-2.742188	-4.512752	-1.637763	-2.464487	
67	-2.847656	-4.467689	-1.648542	-2.481072	
67	-2.815765	-4.482422	-1.645608	-2.476638	
68	-2.900391	-4.440203	-1.652299	-2.486643	
68	-2.847656	-4.467689	-1.648542	-2.481072	
69	-2.900391	-4.440203	-1.652299	-2.486643	
69	-2.918577	-4.429688	-1.653215	-2.487979	
70	-2.636719	-4.546268	-1.623435	-2.441394	
70	-2.674876	-4.535156	-1.628881	-2.450297	
71	-2.583984	-4.559221	-1.615195	-2.427656	
71	-2.531250	-4.569808	-1.606324	-2.412524	
72	-2.636719	-4.546268	-1.623435	-2.441394	
72	-2.583984	-4.559221	-1.615195	-2.427656	
73	-2.742188	-4.512752	-1.637763	-2.464487	
73	-2.689453	-4.530823	-1.630980	-2.453688	
74	-2.689453	-4.530823	-1.630980	-2.453688	
74	-2.674876	-4.535156	-1.628881	-2.450297	
75	-2.953125	-4.408964	-1.654753	-2.490194	
75	-2.918577	-4.429688	-1.653215	-2.487979	
76	-3.058594	-4.333435	-1.654898	-2.490440	
76	-3.069702	-4.324219	-1.654425	-2.489801	
77	-2.953125	-4.408964	-1.654753	-2.490194	
77	-3.000999	-4.376953	-1.655661	-2.491480	
78	-3.005859	-4.373564	-1.655710	-2.491547	
78	-3.000999	-4.376953	-1.655661	-2.491480	
79	-3.058594	-4.333435	-1.654898	-2.490440	
79	-3.005859	-4.373564	-1.655710	-2.491547	
80	-3.111328	-4.287901	-1.651997	-2.486573	
80	-3.128686	-4.271484	-1.650467	-2.484569	
81	-3.111328	-4.287901	-1.651997	-2.486573	
81	-3.069702	-4.324219	-1.654425	-2.489801	
82	-3.164062	-4.236084	-1.646588	-2.479563	
82	-3.128686	-4.271484	-1.650467	-2.484569	
83	-3.164062	-4.236084	-1.646588	-2.479563	
83	-3.180174	-4.218750	-1.644316	-2.476671	
84	-2.056641	-4.576684	-1.507416	-2.222244	
84	-2.003906	-4.568975	-1.495059	-2.195722	
85	-2.109375	-4.582831	-1.519583	-2.247746	
85	-2.056641	-4.576684	-1.507416	-2.222244	
86	-1.951172	-4.559730	-1.482533	-2.168187	
86	-1.898438	-4.548963	-1.469858	-2.139636	
87	-2.003906	-4.568975	-1.495059	-2.195722	
87	-1.951172	-4.559730	-1.482533	-2.168187	
88	-1.845703	-4.536683	-1.457051	-2.110064	
88	-1.839901	-4.535156	-1.455604	-2.106677	
89	-1.898438	-4.548963	-1.469858	-2.139636	
89	-1.845703	-4.536683	-1.457051	-2.110064	
90	-1.792969	-4.523150	-1.444219	-2.079680	
90	-1.740234	-4.508178	-1.431308	-2.048316	
91	-1.740234	-4.508178	-1.431308	-2.048316	
91	-1.687500	-4.491723	-1.418320	-2.015924	
92	-1.839901	-4.535156	-1.455604	-2.106677	
92	-1.792969	-4.523150	-1.444219	-2.079680	
93	-2.478516	-4.578164	-1.596890	-2.396062	
93	-2.425781	-4.584412	-1.586956	-2.378330	
94	-2.531250	-4.569808	-1.606324	-2.412524	
94	-2.478516	-4.578164	-1.596890	-2.396062	
95	-2.373047	-4.588671	-1.576581	-2.359386	
95	-2.382770	-4.587891	-1.578466	-2.362860	
96	-2.373047	-4.588671	-1.576581	-2.359386	
96	-2.320312	-4.591048	-1.565821	-2.339289	
97	-2.425781	-4.584412	-1.586956	-2.378330	
97	-2.382770	-4.587891	-1.578466	-2.362860	
98	-2.320312	-4.591048	-1.565821	-2.339289	
98	-2.267578	-4.591581	-1.554701	-2.318041	
99	-2.267578	-4.591581	-1.554701	-2.318041	
99	-2.214844	-4.590337	-1.543260	-2.295673	
100	-2.214844	-4.590337	-1.543260	-2.295673	
100	-2.171404	-4.587891	-1.533567	-2.276322	
101	-2.162109	-4.587383	-1.531535	-2.272218	
101	-2.109375	-4.582831	-1.519583	-2.247746	
102	-2.171404	-4.587891	-1.533567	-2.276322	
102	-2.162109	-4.587383	-1.531535	-2.272218	
103	-3.216797	-4.176779	-1.638098	-2.468883	
103	-3.225597	-4.166016	-1.636315	-2.466679	
104	-3.216797	-4.176779	-1.638098	-2.468883	
104	-3.180174	-4.218750	-1.644316	-2.476671	
105	-3.225597	-4.166016	-1.636315	-2.466679	
105	-3.265928	-4.113281	-1.626696	-2.454973	
106	-3.269531	-4.108249	-1.625697	-2.453774	
106	-3.265928	-4.113281	-1.626696	-2.454973	
107	-3.269531	-4.108249	-1.625697	-2.453774	
107	-3.301830	-4.060547	-1.615606	-2.441809	
108	-3.322266	-4.027730	-1.608058	-2.433019	
108	-3.301830	-4.060547	-1.615606	-2.441809	
109	-3.322266	-4.027730	-1.608058	-2.433019	
109	-3.334065	-4.007812	-1.603271	-2.427508	
110	-3.334065	-4.007812	-1.603271	-2.427508	
110	-3.362951	-3.955078	-1.589749	-2.412183	
111	-3.375000	-3.931117	-1.583208	-2.404888	
111	-3.362951	-3.955078	-1.589749	-2.412183	
112	-3.375000	-2.165987	-0.699166	-1.706017	
112	-3.373777	-2.162109	-0.696561	-1.704477	
113	-3.373777	-2.162109	-0.696561	-1.704477	
113	-3.356126	-2.109375	-0.660433	-1.683363	
114	-3.356126	-2.109375	-0.660433	-1.683363	
114	-3.337463	-2.056641	-0.623645	-1.662321	
115	-3.322266	-2.015980	-0.594736	-1.646106	
115	-3.317891	-2.003906	-0.586269	-1.641410	
116	-3.337463	-2.056641	-0.623645	-1.662321	
116	-3.322266	-2.015980	-0.594736	-1.646106	
117	-3.317891	-2.003906	-0.586269	-1.641410	
117	-3.297755	-1.951172	-0.548568	-1.620787	
118	-3.297755	-1.951172	-0.548568	-1.620787	
118	-3.276535	-1.898438	-0.510141	-1.600246	
119	-3.276535	-1.898438	-0.510141	-1.600246	
119	-3.269531	-1.881870	-0.497829	-1.593766	
120	-3.269531	-1.881870	-0.497829	-1.593766	
120	-3.254696	-1.845703	-0.471348	-1.579995	
121	-3.254696	-1.845703	-0.471348	-1.579995	
121	-3.231963	-1.792969	-0.431971	-1.559933	
122	-3.231963	-1.792969	-0.431971	-1.559933	
122	-3.216797	-1.759458	-0.406439	-1.547189	
123	-3.216797	-1.759458	-0.406439	-1.547189	
123	-3.208350	-1.740234	-0.392020	-1.540083	
124	-3.208350	-1.740234	-0.392020	-1.540083	
124	-3.184077	-1.687500	-0.351674	-1.520546	
125	-0.110870	-3.375000	-1.119558	-0.612773	
125	-0.105469	-3.368914	-1.119288	-0.606468	
126	-0.105469	-3.368914	-1.119288	-0.606468	
126	-0.065251	-3.322266	-1.117560	-0.558435	
127	-0.052734	-3.307685	-1.117141	-0.543515	
127	-0.020859	-3.269531	-1.116319	-0.504705	
128	-0.065251	-3.322266	-1.117560	-0.558435	
128	-0.052734	-3.307685	-1.117141	-0.543515	
129	-0.020859	-3.269531	-1.116319	-0.504705	
129	0.000000	-3.244409	-1.115991	-0.479318	
130	-3.184077	-1.687500	-0.351674	-1.520546	
130	-3.164062	-1.646078	-0.319310	-1.505243	
131	-3.164062	-1.646078	-0.319310	-1.505243	
131	-3.158752	-1.634766	-0.310615	-1.501187	
132	-3.158752	-1.634766	-0.310615	-1.501187	
132	-3.132891	-1.582031	-0.269267	-1.482221	
133	-3.132891	-1.582031	-0.269267	-1.482221	
133	-3.111328	-1.540126	-0.235682	-1.467205	
134	-3.111328	-1.540126	-0.235682	-1.467205	
134	-3.105909	-1.529297	-0.227149	-1.463445	
135	-3.105909	-1.529297	-0.227149	-1.463445	
135	-3.078391	-1.476562	-0.184751	-1.445096	
136	-3.078391	-1.476562	-0.184751	-1.445096	
136	-3.058594	-1.440352	-0.154979	-1.432540	
137	-3.058594	-1.440352	-0.154979	-1.432540	
137	-3.049799	-1.423828	-0.141626	-1.426997	
138	-3.049799	-1.423828	-0.141626	-1.426997	
138	-3.020527	-1.371094	-0.098111	-1.409312	
139	-3.020527	-1.371094	-0.098111	-1.409312	
139	-3.005859	-1.345791	-0.076767	-1.400848	
140	-3.005859	-1.345791	-0.076767	-1.400848	
140	-2.990359	-1.318359	-0.054030	-1.391985	
141	-2.990359	-1.318359	-0.054030	-1.391985	
141	-2.959210	-1.265625	-0.009311	-1.375015	
142	-2.953125	-1.255706	-0.000727	-1.371828	
142	-2.927485	-1.212891	0.035680	-1.358559	
143	-2.900391	-1.169679	0.073337	-1.345262	
143	-2.894560	-1.160156	0.081487	-1.342442	
144	-2.927485	-1.212891	0.035680	-1.358559	
144	-2.900391	-1.169679	0.073337	-1.345262	
145	-2.847656	-1.087233	0.145620	-1.320961	
145	-2.826571	-1.054688	0.174200	-1.311798	
146	-2.894560	-1.160156	0.081487	-1.342442	
146	-2.861026	-1.107422	0.127571	-1.326878	
147	-2.861026	-1.107422	0.127571	-1.326878	
147	-2.847656	-1.087233	0.145620	-1.320961	
148	-2.742188	-0.931584	0.285428	-1.278566	
148	-2.717622	-0.896484	0.317259	-1.269775	
149	-2.689453	-0.857861	0.353147	-1.260251	
149	-2.679351	-0.843750	0.366029	-1.256934	
150	-2.717622	-0.896484	0.317259	-1.269775	
150	-2.689453	-0.857861	0.353147	-1.260251	
151	-2.826571	-1.054688	0.174200	-1.311798	
151	-2.794922	-1.007933	0.216289	-1.298767	
152	-2.794922	-1.007933	0.216289	-1.298767	
152	-2.790960	-1.001953	0.221575	-1.297169	
153	-2.790960	-1.001953	0.221575	-1.297169	
153	-2.754771	-0.949219	0.269151	-1.283186	
154	-2.754771	-0.949219	0.269151	-1.283186	
154	-2.742188	-0.931584	0.285428	-1.278566	
155	-2.959210	-1.265625	-0.009311	-1.375015	
155	-2.953125	-1.255706	-0.000727	-1.371828	
156	-2.531250	-0.650507	0.548388	-1.215833	
156	-2.517276	-0.632812	0.565139	-1.212620	
157	-2.517276	-0.632812	0.565139	-1.212620	
157	-2.478516	-0.585459	0.610963	-1.204331	
158	-2.478516	-0.585459	0.610963	-1.204331	
158	-2.474168	-0.580078	0.616084	-1.203450	
159	-2.474168	-0.580078	0.616084	-1.203450	
159	-2.430223	-0.527344	0.667223	-1.195172	
160	-2.425781	-0.522163	0.672333	-1.194397	
160	-2.385418	-0.474609	0.718524	-1.187825	
161	-2.373047	-0.460477	0.732506	-1.185993	
161	-2.339554	-0.421875	0.770124	-1.181431	
162	-2.385418	-0.474609	0.718524	-1.187825	
162	-2.373047	-0.460477	0.732506	-1.185993	
163	-2.430223	-0.527344	0.667223	-1.195172	
163	-2.425781	-0.522163	0.672333	-1.194397	
164	-2.109375	-0.173005	1.014918	-1.165827	
164	-2.095138	-0.158203	1.029249	-1.165734	
165	-2.056641	-0.118922	1.067493	-1.165974	
165	-2.043467	-0.105469	1.080404	-1.166219	
166	-2.095138	-0.158203	1.029249	-1.165734	
166	-2.056641	-0.118922	1.067493	-1.165974	
167	-2.003906	-0.065711	1.118637	-1.167452	
167	-1.990990	-0.052734	1.130934	-1.168013	
168	-1.951172	-0.013251	1.168270	-1.170229	
168	-1.937792	0.000000	1.180607	-1.171136	
169	-1.990990	-0.052734	1.130934	-1.168013	
169	-1.951172	-0.013251	1.168270	-1.170229	
170	-2.043467	-0.105469	1.080404	-1.166219	
170	-2.003906	-0.065711	1.118637	-1.167452	
171	-2.339554	-0.421875	0.770124	-1.181431	
171	-2.320312	-0.400338	0.791473	-1.179085	
172	-2.320312	-0.400338	0.791473	-1.179085	
172	-2.292651	-0.369141	0.821940	-1.176046	
173	-2.267578	-0.341632	0.849223	-1.173641	
173	-2.244729	-0.316406	0.873878	-1.171729	
174	-2.292651	-0.369141	0.821940	-1.176046	
174	-2.267578	-0.341632	0.849223	-1.173641	
175	-2.214844	-0.284248	0.905736	-1.169635	
175	-2.195814	-0.263672	0.925828	-1.168536	
176	-2.162109	-0.228076	0.960981	-1.167038	
176	-2.145937	-0.210938	0.977668	-1.166521	
177	-2.195814	-0.263672	0.925828	-1.168536	
177	-2.162109	-0.228076	0.960981	-1.167038	
178	-2.244729	-0.316406	0.873878	-1.171729	
178	-2.214844	-0.284248	0.905736	-1.169635	
179	-2.145937	-0.210938	0.977668	-1.166521	
179	-2.109375	-0.173005	1.014918	-1.165827	
180	-2.679351	-0.843750	0.366029	-1.256934	
180	-2.640133	-0.791016	0.415277	-1.244748	
181	-2.640133	-0.791016	0.415277	-1.244748	
181	-2.636719	-0.786564	0.419513	-1.243737	
182	-2.636719	-0.786564	0.419513	-1.243737	
182	-2.600275	-0.738281	0.464685	-1.233322	
183	-2.600275	-0.738281	0.464685	-1.233322	
183	-2.583984	-0.717498	0.484580	-1.228951	
184	-2.583984	-0.717498	0.484580	-1.228951	
184	-2.559317	-0.685547	0.514655	-1.222596	
185	-2.559317	-0.685547	0.514655	-1.222596	
185	-2.531250	-0.650507	0.548388	-1.215833	
186	-3.533203	-3.342521	-1.367006	-2.191400	
186	-3.535140	-3.322266	-1.358021	-2.183383	
187	-3.533203	-3.342521	-1.367006	-2.191400	
187	-3.530059	-3.375000	-1.381421	-2.204380	
188	-3.535140	-3.322266	-1.358021	-2.183383	
188	-3.538922	-3.269531	-1.333990	-2.162201	
189	-3.538922	-3.269531	-1.333990	-2.162201	
189	-3.541430	-3.216797	-1.309327	-2.140845	
190	-3.541430	-3.216797	-1.309327	-2.140845	
190	-3.542711	-3.164062	-1.284044	-2.119338	
191	-3.542711	-3.164062	-1.284044	-2.119338	
191	-3.542809	-3.111328	-1.258153	-2.097699	
192	-3.542809	-3.111328	-1.258153	-2.097699	
192	-3.541761	-3.058594	-1.231664	-2.075948	
193	-3.541761	-3.058594	-1.231664	-2.075948	
193	-3.539600	-3.005859	-1.204584	-2.054103	
194	-3.539600	-3.005859	-1.204584	-2.054103	
194	-3.536354	-2.953125	-1.176921	-2.032179	
195	-3.536354	-2.953125	-1.176921	-2.032179	
195	-3.533203	-2.914688	-1.156319	-2.016101	
196	-3.533203	-2.914688	-1.156319	-2.016101	
196	-3.532069	-2.900391	-1.148690	-2.010199	
197	-3.532069	-2.900391	-1.148690	-2.010199	
197	-3.526826	-2.847656	-1.119935	-1.988208	
198	-3.526826	-2.847656	-1.119935	-1.988208	
198	-3.520588	-2.794922	-1.090624	-1.966188	
199	-3.520588	-2.794922	-1.090624	-1.966188	
199	-3.513367	-2.742188	-1.060756	-1.944152	
200	-3.513367	-2.742188	-1.060756	-1.944152	
200	-3.505174	-2.689453	-1.030329	-1.922107	
201	-3.505174	-2.689453	-1.030329	-1.922107	
201	-3.496012	-2.636719	-0.999338	-1.900062	
202	-3.480469	-2.558363	-0.952134	-1.867250	
202	-3.474923	-2.531250	-0.935728	-1.856058	
203	-3.496012	-2.636719	-0.999338	-1.900062	
203	-3.485884	-2.583984	-0.967776	-1.878022	
204	-3.485884	-2.583984	-0.967776	-1.878022	
204	-3.480469	-2.558363	-0.952134	-1.867250	
205	-3.474923	-2.531250	-0.935728	-1.856058	
205	-3.463155	-2.478516	-0.903205	-1.834185	
206	-3.463155	-2.478516	-0.903205	-1.834185	
206	-3.450442	-2.425781	-0.870108	-1.812348	
207	-3.450442	-2.425781	-0.870108	-1.812348	
207	-3.436771	-2.373047	-0.836420	-1.790548	
208	-3.427734	-2.340565	-0.815274	-1.777081	
208	-3.422279	-2.320312	-0.802233	-1.768857	
209	-3.436771	-2.373047	-0.836420	-1.790548	
209	-3.427734	-2.340565	-0.815274	-1.777081	
210	-3.422279	-2.320312	-0.802233	-1.768857	
210	-3.407080	-2.267578	-0.767624	-1.747334	
211	-3.407080	-2.267578	-0.767624	-1.747334	
211	-3.390910	-2.214844	-0.732401	-1.725869	
212	-3.390910	-2.214844	-0.732401	-1.725869	
212	-3.375000	-2.165987	-0.699166	-1.706017	
213	0.000000	-3.244409	-1.115991	-0.479318	
213	0.022354	-3.216797	-1.115824	-0.451573	
214	0.052734	-3.178961	-1.115922	-0.413817	
214	0.064422	-3.164062	-1.116063	-0.399032	
215	0.022354	-3.216797	-1.115824	-0.451573	
215	0.052734	-3.178961	-1.115922	-0.413817	
216	0.210938	-2.969295	-1.123157	-0.210047	
216	0.222456	-2.953125	-1.124178	-0.194712	
217	0.064422	-3.164062	-1.116063	-0.399032	
217	0.105369	-3.111328	-1.117026	-0.347075	
218	0.105369	-3.111328	-1.117026	-0.347075	
218	0.105469	-3.111200	-1.117030	-0.346950	
219	0.105469	-3.111200	-1.117030	-0.346950	
219	0.145418	-3.058594	-1.118705	-0.295705	
220	0.145418	-3.058594	-1.118705	-0.295705	
220	0.158203	-3.041543	-1.119400	-0.279223	
221	0.158203	-3.041543	-1.119400	-0.279223	
221	0.184447	-3.005859	-1.121091	-0.244918	
222	0.184447	-3.005859	-1.121091	-0.244918	
222	0.210938	-2.969295	-1.123157	-0.210047	
223	0.421875	-2.654013	-1.154640	0.078689	
223	0.432642	-2.636719	-1.157062	0.093881	
224	0.432642	-2.636719	-1.157062	0.093881	
224	0.464932	-2.583984	-1.164885	0.139773	
225	0.474609	-2.567913	-1.167401	0.153631	
225	0.496618	-2.531250	-1.173360	0.184974	
226	0.464932	-2.583984	-1.164885	0.139773	
226	0.474609	-2.567913	-1.167401	0.153631	
227	0.222456	-2.953125	-1.124178	-0.194712	
227	0.259527	-2.900391	-1.127958	-0.145092	
228	0.263672	-2.894455	-1.128427	-0.139546	
228	0.295876	-2.847656	-1.132425	-0.096079	
229	0.259527	-2.900391	-1.127958	-0.145092	
229	0.263672	-2.894455	-1.128427	-0.139546	
230	0.316406	-2.817212	-1.135315	-0.068052	
230	0.331258	-2.794922	-1.137575	-0.047658	
231	0.331258	-2.794922	-1.137575	-0.047658	
231	0.365738	-2.742188	-1.143403	0.000162	
232	0.295876	-2.847656	-1.132425	-0.096079	
232	0.316406	-2.817212	-1.135315	-0.068052	
233	0.365738	-2.742188	-1.143403	0.000162	
233	0.369141	-2.736943	-1.144019	0.004882	
234	0.369141	-2.736943	-1.144019	0.004882	
234	0.399670	-2.689453	-1.149897	0.047327	
235	0.399670	-2.689453	-1.149897	0.047327	
235	0.421875	-2.654013	-1.154640	0.078689	
236	0.843750	-1.873232	-1.329851	0.680115	
236	0.857192	-1.845703	-1.338074	0.697228	
237	0.857192	-1.845703	-1.338074	0.697228	
237	0.882454	-1.792969	-1.354141	0.729132	
238	0.882454	-1.792969	-1.354141	0.729132	
238	0.896484	-1.763080	-1.363423	0.746693	
239	0.896484	-1.763080	-1.363423	0.746693	
239	0.907564	-1.740234	-1.370483	0.759645	
240	0.907564	-1.740234	-1.370483	0.759645	
240	0.932827	-1.687500	-1.386965	0.788573	
241	0.496618	-2.531250	-1.173360	0.184974	
241	0.527304	-2.478516	-1.182495	0.229543	
242	0.527304	-2.478516	-1.182495	0.229543	
242	0.527344	-2.478446	-1.182508	0.229601	
243	0.527344	-2.478446	-1.182508	0.229601	
243	0.557822	-2.425781	-1.192250	0.273294	
244	0.557822	-2.425781	-1.192250	0.273294	
244	0.580078	-2.385985	-1.200050	0.305897	
245	0.580078	-2.385985	-1.200050	0.305897	
245	0.587342	-2.373047	-1.202657	0.316380	
246	0.587342	-2.373047	-1.202657	0.316380	
246	0.616511	-2.320312	-1.213672	0.358633	
247	0.632812	-2.290003	-1.220295	0.382606	
247	0.644970	-2.267578	-1.225308	0.400112	
248	0.644970	-2.267578	-1.225308	0.400112	
248	0.672951	-2.214844	-1.237539	0.440731	
249	0.672951	-2.214844	-1.237539	0.440731	
249	0.685547	-2.190529	-1.243389	0.459202	
250	0.685547	-2.190529	-1.243389	0.459202	
250	0.700454	-2.162109	-1.250351	0.480454	
251	0.700454	-2.162109	-1.250351	0.480454	
251	0.727425	-2.109375	-1.263733	0.519266	
252	0.616511	-2.320312	-1.213672	0.358633	
252	0.632812	-2.290003	-1.220295	0.382606	
253	0.727425	-2.109375	-1.263733	0.519266	
253	0.738281	-2.087680	-1.269411	0.534986	
254	0.738281	-2.087680	-1.269411	0.534986	
254	0.754086	-2.056641	-1.277644	0.557056	
255	0.754086	-2.056641	-1.277644	0.557056	
255	0.780246	-2.003906	-1.292083	0.593845	
256	0.780246	-2.003906	-1.292083	0.593845	
256	0.791016	-1.981736	-1.298318	0.609031	
257	0.791016	-1.981736	-1.298318	0.609031	
257	0.806199	-1.951172	-1.306984	0.629487	
258	0.806199	-1.951172	-1.306984	0.629487	
258	0.831776	-1.898438	-1.322339	0.663992	
259	0.831776	-1.898438	-1.322339	0.663992	
259	0.843750	-1.873232	-1.329851	0.680115	
260	1.687500	-0.604450	-1.372367	0.908540	
260	1.712408	-0.580078	-1.355083	0.903990	
261	1.740234	-0.553106	-1.335045	0.899100	
261	1.766808	-0.527344	-1.315276	0.894653	
262	1.712408	-0.580078	-1.355083	0.903990	
262	1.740234	-0.553106	-1.335045	0.899100	
263	1.792969	-0.502118	-1.295205	0.890499	
263	1.821456	-0.474609	-1.272729	0.886251	
264	1.845703	-0.451230	-1.253095	0.882871	
264	1.876083	-0.421875	-1.227887	0.878959	
265	1.821456	-0.474609	-1.272729	0.886251	
265	1.845703	-0.451230	-1.253095	0.882871	
266	1.766808	-0.527344	-1.315276	0.894653	
266	1.792969	-0.502118	-1.295205	0.890499	
267	2.109375	-0.191652	-1.014641	0.862148	
267	2.142278	-0.158203	-0.982109	0.861796	
268	2.162109	-0.137675	-0.962239	0.861836	
268	2.193278	-0.105469	-0.930622	0.862287	
269	2.142278	-0.158203	-0.982109	0.861796	
269	2.162109	-0.137675	-0.962239	0.861836	
270	2.214844	-0.082722	-0.908467	0.862879	
270	2.243362	-0.052734	-0.878845	0.864016	
271	2.267578	-0.026680	-0.853380	0.865303	
271	2.292487	0.000000	-0.826929	0.866935	
272	2.243362	-0.052734	-0.878845	0.864016	
272	2.267578	-0.026680	-0.853380	0.865303	
273	2.193278	-0.105469	-0.930622	0.862287	
273	2.214844	-0.082722	-0.908467	0.862879	
274	1.876083	-0.421875	-1.227887	0.878959	
274	1.898438	-0.400225	-1.208920	0.876318	
275	1.898438	-0.400225	-1.208920	0.876318	
275	1.930460	-0.369141	-1.181160	0.872895	
276	1.951172	-0.348918	-1.162854	0.870915	
276	1.984402	-0.316406	-1.132916	0.868129	
277	1.930460	-0.369141	-1.181160	0.872895	
277	1.951172	-0.348918	-1.162854	0.870915	
278	2.003906	-0.297147	-1.115041	0.866723	
278	2.037759	-0.263672	-1.083480	0.864692	
279	2.056641	-0.244768	-1.065603	0.863788	
279	2.090415	-0.210938	-1.033131	0.862587	
280	2.037759	-0.263672	-1.083480	0.864692	
280	2.056641	-0.244768	-1.065603	0.863788	
281	1.984402	-0.316406	-1.132916	0.868129	
281	2.003906	-0.297147	-1.115041	0.866723	
282	2.090415	-0.210938	-1.033131	0.862587	
282	2.109375	-0.191652	-1.014641	0.862148	
283	0.932827	-1.687500	-1.386965	0.788573	
283	0.949219	-1.652657	-1.397993	0.806953	
284	0.949219	-1.652657	-1.397993	0.806953	
284	0.957957	-1.634766	-1.403578	0.815972	
285	0.957957	-1.634766	-1.403578	0.815972	
285	0.983604	-1.582031	-1.420049	0.841484	
286	0.983604	-1.582031	-1.420049	0.841484	
286	1.001953	-1.543796	-1.432013	0.859024	
287	1.001953	-1.543796	-1.432013	0.859024	
287	1.009208	-1.529297	-1.436432	0.865295	
288	1.009208	-1.529297	-1.436432	0.865295	
288	1.035702	-1.476562	-1.452290	0.886898	
289	1.054688	-1.438581	-1.463533	0.901365	
289	1.062401	-1.423828	-1.467706	0.906556	
290	1.062401	-1.423828	-1.467706	0.906556	
290	1.090293	-1.371094	-1.482118	0.923732	
291	1.090293	-1.371094	-1.482118	0.923732	
291	1.107422	-1.338917	-1.490530	0.933208	
292	1.107422	-1.338917	-1.490530	0.933208	
292	1.118889	-1.318359	-1.495509	0.938620	
293	1.118889	-1.318359	-1.495509	0.938620	
293	1.148800	-1.265625	-1.507367	0.950891	
294	1.035702	-1.476562	-1.452290	0.886898	
294	1.054688	-1.438581	-1.463533	0.901365	
295	1.265625	-1.081791	-1.531254	0.972394	
295	1.284972	-1.054688	-1.531631	0.972682	
296	1.284972	-1.054688	-1.531631	0.972682	
296	1.318359	-1.009224	-1.530312	0.971791	
297	1.318359	-1.009224	-1.530312	0.971791	
297	1.323892	-1.001953	-1.529805	0.971458	
298	1.323892	-1.001953	-1.529805	0.971458	
298	1.365391	-0.949219	-1.523711	0.967667	
299	1.371094	-0.942215	-1.522564	0.966987	
299	1.409386	-0.896484	-1.513073	0.961655	
300	1.423828	-0.879735	-1.508740	0.959360	
300	1.455559	-0.843750	-1.497871	0.953903	
301	1.409386	-0.896484	-1.513073	0.961655	
301	1.423828	-0.879735	-1.508740	0.959360	
302	1.365391	-0.949219	-1.523711	0.967667	
302	1.371094	-0.942215	-1.522564	0.966987	
303	1.148800	-1.265625	-1.507367	0.950891	
303	1.160156	-1.246008	-1.511386	0.954840	
304	1.160156	-1.246008	-1.511386	0.954840	
304	1.180239	-1.212891	-1.517299	0.960439	
305	1.180239	-1.212891	-1.517299	0.960439	
305	1.212796	-1.160156	-1.525232	0.967499	
306	1.212796	-1.160156	-1.525232	0.967499	
306	1.212891	-1.160008	-1.525250	0.967515	
307	1.212891	-1.160008	-1.525250	0.967515	
307	1.248045	-1.107422	-1.529933	0.971370	
308	1.248045	-1.107422	-1.529933	0.971370	
308	1.265625	-1.081791	-1.531254	0.972394	
309	1.455559	-0.843750	-1.497871	0.953903	
309	1.476562	-0.820571	-1.489677	0.950031	
310	1.476562	-0.820571	-1.489677	0.950031	
310	1.503808	-0.791016	-1.477999	0.944814	
311	1.529297	-0.764033	-1.465986	0.939769	
311	1.553925	-0.738281	-1.453518	0.934836	
312	1.503808	-0.791016	-1.477999	0.944814	
312	1.529297	-0.764033	-1.465986	0.939769	
313	1.582031	-0.709505	-1.438223	0.929159	
313	1.605623	-0.685547	-1.424638	0.924428	
314	1.634766	-0.656459	-1.406877	0.918640	
314	1.658567	-0.632812	-1.391689	0.914019	
315	1.605623	-0.685547	-1.424638	0.924428	
315	1.634766	-0.656459	-1.406877	0.918640	
316	1.553925	-0.738281	-1.453518	0.934836	
316	1.582031	-0.709505	-1.438223	0.929159	
317	1.658567	-0.632812	-1.391689	0.914019	
317	1.687500	-0.604450	-1.372367	0.908540	
318	2.292487	0.000000	-0.826929	0.866935	
318	2.320312	0.030560	-0.797021	0.869135	
319	2.320312	0.030560	-0.797021	0.869135	
319	2.340621	0.052734	-0.775003	0.870989	
320	2.373047	0.089109	-0.739421	0.874400	
320	2.387736	0.105469	-0.723180	0.876123	
321	2.340621	0.052734	-0.775003	0.870989	
321	2.373047	0.089109	-0.739421	0.874400	
322	2.425781	0.149077	-0.680602	0.881126	
322	2.433811	0.158203	-0.671557	0.882278	
323	2.478516	0.210576	-0.620575	0.889345	
323	2.478827	0.210938	-0.620218	0.889398	
324	2.433811	0.158203	-0.671557	0.882278	
324	2.478516	0.210576	-0.620575	0.889345	
325	2.387736	0.105469	-0.723180	0.876123	
325	2.425781	0.149077	-0.680602	0.881126	
326	2.478827	0.210938	-0.620218	0.889398	
326	2.523166	0.263672	-0.568850	0.897489	
327	2.523166	0.263672	-0.568850	0.897489	
327	2.531250	0.273618	-0.559360	0.899087	
328	2.531250	0.273618	-0.559360	0.899087	
328	2.566471	0.316406	-0.517856	0.906452	
329	2.636719	0.405203	-0.433277	0.923310	
329	2.649862	0.421875	-0.417276	0.926773	
330	2.566471	0.316406	-0.517856	0.906452	
330	2.583984	0.338450	-0.496933	0.910394	
331	2.583984	0.338450	-0.496933	0.910394	
331	2.608708	0.369141	-0.467313	0.916232	
332	2.608708	0.369141	-0.467313	0.916232	
332	2.636719	0.405203	-0.433277	0.923310	
333	2.649862	0.421875	-0.417276	0.926773	
333	2.689453	0.474009	-0.368366	0.937888	
334	2.689453	0.474009	-0.368366	0.937888	
334	2.689917	0.474609	-0.367793	0.938023	
335	2.689917	0.474609	-0.367793	0.938023	
335	2.729455	0.527344	-0.318344	0.950070	
336	2.729455	0.527344	-0.318344	0.950070	
336	2.742188	0.545017	-0.302164	0.954185	
337	2.742188	0.545017	-0.302164	0.954185	
337	2.767913	0.580078	-0.269493	0.962752	
338	2.794922	0.618425	-0.234616	0.972274	
338	2.805250	0.632812	-0.221298	0.976012	
339	2.767913	0.580078	-0.269493	0.962752	
339	2.794922	0.618425	-0.234616	0.972274	
340	2.805250	0.632812	-0.221298	0.976012	
340	2.841720	0.685547	-0.173545	0.989877	
341	2.841720	0.685547	-0.173545	0.989877	
341	2.847656	0.694448	-0.165653	0.992238	
342	2.847656	0.694448	-0.165653	0.992238	
342	2.877515	0.738281	-0.126078	1.004369	
343	2.877515	0.738281	-0.126078	1.004369	
343	2.900391	0.773362	-0.095180	1.014180	
344	2.900391	0.773362	-0.095180	1.014180	
344	2.912156	0.791016	-0.079351	1.019320	
345	2.912156	0.791016	-0.079351	1.019320	
345	2.945938	0.843750	-0.033109	1.034782	
346	2.945938	0.843750	-0.033109	1.034782	
346	2.953125	0.855409	-0.023101	1.038215	
347	2.953125	0.855409	-0.023101	1.038215	
347	2.979048	0.896484	0.012800	1.050783	
348	3.005859	0.940958	0.050729	1.064490	
348	3.010960	0.949219	0.057900	1.067131	
349	2.979048	0.896484	0.012800	1.050783	
349	3.005859	0.940958	0.050729	1.064490	
350	3.058594	1.030531	0.126519	1.093199	
350	3.072691	1.054688	0.146958	1.101241	
351	3.010960	0.949219	0.057900	1.067131	
351	3.042334	1.001953	0.102762	1.084011	
352	3.042334	1.001953	0.102762	1.084011	
352	3.058594	1.030531	0.126519	1.093199	
353	3.164062	1.223584	0.284822	1.158826	
353	3.185851	1.265625	0.318615	1.173830	
354	3.072691	1.054688	0.146958	1.101241	
354	3.102173	1.107422	0.190605	1.118843	
355	3.111328	1.124501	0.204447	1.124547	
355	3.130957	1.160156	0.233849	1.136857	
356	3.102173	1.107422	0.190605	1.118843	
356	3.111328	1.124501	0.204447	1.124547	
357	3.130957	1.160156	0.233849	1.136857	
357	3.158672	1.212891	0.276371	1.155128	
358	3.158672	1.212891	0.276371	1.155128	
358	3.164062	1.223584	0.284822	1.158826	
359	3.185851	1.265625	0.318615	1.173830	
359	3.211899	1.318359	0.360080	1.192724	
360	3.216797	1.328714	0.368062	1.196422	
360	3.237428	1.371094	0.401271	1.212021	
361	3.211899	1.318359	0.360080	1.192724	
361	3.216797	1.328714	0.368062	1.196422	
362	3.269531	1.441101	0.454723	1.237852	
362	3.285705	1.476562	0.481819	1.251290	
363	3.237428	1.371094	0.401271	1.212021	
363	3.261881	1.423828	0.441730	1.231491	
364	3.261881	1.423828	0.441730	1.231491	
364	3.269531	1.441101	0.454723	1.237852	
365	3.285705	1.476562	0.481819	1.251290	
365	3.308615	1.529297	0.521306	1.271291	
366	3.322266	1.562306	0.545542	1.283813	
366	3.330672	1.582031	0.560243	1.291501	
367	3.308615	1.529297	0.521306	1.271291	
367	3.322266	1.562306	0.545542	1.283813	
368	3.330672	1.582031	0.560243	1.291501	
368	3.352066	1.634766	0.598779	1.311987	
369	3.352066	1.634766	0.598779	1.311987	
369	3.372373	1.687500	0.636584	1.332556	
370	3.372373	1.687500	0.636584	1.332556	
370	3.375000	1.694686	0.641637	1.335340	
371	0.000000	2.866846	1.175222	0.101760	
371	0.026823	2.900391	1.175045	0.135159	
372	0.052734	2.932521	1.175152	0.167375	
372	0.069772	2.953125	1.175365	0.188151	
373	0.026823	2.900391	1.175045	0.135159	
373	0.052734	2.932521	1.175152	0.167375	
374	0.421875	3.337725	1.201086	0.593487	
374	0.460565	3.375000	1.205925	0.634733	
375	0.069772	2.953125	1.175365	0.188151	
375	0.105469	2.996015	1.176173	0.231687	
376	0.105469	2.996015	1.176173	0.231687	
376	0.113886	3.005859	1.176428	0.241739	
377	0.158203	3.057456	1.178199	0.294757	
377	0.159209	3.058594	1.178246	0.295932	
378	0.113886	3.005859	1.176428	0.241739	
378	0.158203	3.057456	1.178199	0.294757	
379	0.159209	3.058594	1.178246	0.295932	
379	0.205784	3.111328	1.180833	0.350743	
380	0.205784	3.111328	1.180833	0.350743	
380	0.210938	3.117152	1.181166	0.356830	
381	0.210938	3.117152	1.181166	0.356830	
381	0.253713	3.164062	1.184204	0.406186	
382	0.253713	3.164062	1.184204	0.406186	
382	0.263672	3.174973	1.185000	0.417729	
383	0.263672	3.174973	1.185000	0.417729	
383	0.303070	3.216797	1.188377	0.462282	
384	0.303070	3.216797	1.188377	0.462282	
384	0.316406	3.230965	1.189636	0.477452	
385	0.316406	3.230965	1.189636	0.477452	
385	0.353934	3.269531	1.193372	0.519052	
386	0.353934	3.269531	1.193372	0.519052	
386	0.369141	3.285196	1.195016	0.536030	
387	0.369141	3.285196	1.195016	0.536030	
387	0.406397	3.322266	1.199213	0.576525	
388	0.406397	3.322266	1.199213	0.576525	
388	0.421875	3.337725	1.201086	0.593487	
389	3.375000	1.694686	0.641637	1.335340	
389	3.392177	1.740234	0.674112	1.353441	
390	3.392177	1.740234	0.674112	1.353441	
390	3.411012	1.792969	0.711006	1.374434	
391	3.411012	1.792969	0.711006	1.374434	
391	3.427734	1.842457	0.745004	1.394190	
392	3.427734	1.842457	0.745004	1.394190	
392	3.428866	1.845703	0.747264	1.395517	
393	3.428866	1.845703	0.747264	1.395517	
393	3.446212	1.898438	0.783239	1.416883	
394	3.446212	1.898438	0.783239	1.416883	
394	3.462557	1.951172	0.818569	1.438309	
395	3.462557	1.951172	0.818569	1.438309	
395	3.477931	2.003906	0.853282	1.459795	
396	3.480469	2.013223	0.859297	1.463561	
396	3.492685	2.056641	0.887638	1.481490	
397	3.492685	2.056641	0.887638	1.481490	
397	3.506538	2.109375	0.921434	1.503259	
398	3.477931	2.003906	0.853282	1.459795	
398	3.480469	2.013223	0.859297	1.463561	
399	3.506538	2.109375	0.921434	1.503259	
399	3.519435	2.162109	0.954640	1.525068	
400	3.519435	2.162109	0.954640	1.525068	
400	3.531390	2.214844	0.987273	1.546916	
401	3.531390	2.214844	0.987273	1.546916	
401	3.533203	2.223581	0.992573	1.550503	
402	3.533203	2.223581	0.992573	1.550503	
402	3.542637	2.267578	1.019499	1.568904	
403	3.542637	2.267578	1.019499	1.568904	
403	3.552963	2.320312	1.051175	1.590927	
404	3.552963	2.320312	1.051175	1.590927	
404	3.562326	2.373047	1.082282	1.612959	
405	3.562326	2.373047	1.082282	1.612959	
405	3.570727	2.425781	1.112828	1.634993	
406	3.570727	2.425781	1.112828	1.634993	
406	3.578160	2.478516	1.142816	1.657024	
407	3.578160	2.478516	1.142816	1.657024	
407	3.584618	2.531250	1.172251	1.679041	
408	3.584618	2.531250	1.172251	1.679041	
408	3.585938	2.544112	1.179279	1.684357	
409	3.585938	2.544112	1.179279	1.684357	
409	3.590166	2.583984	1.201181	1.701074	
410	3.590166	2.583984	1.201181	1.701074	
410	3.594707	2.636719	1.229553	1.723070	
411	3.594707	2.636719	1.229553	1.723070	
411	3.598195	2.689453	1.257348	1.745007	
412	3.598195	2.689453	1.257348	1.745007	
412	3.600608	2.742188	1.284561	1.766869	
413	3.600608	2.742188	1.284561	1.766869	
413	3.601918	2.794922	1.311188	1.788641	
414	3.601918	2.794922	1.311188	1.788641	
414	3.602093	2.847656	1.337220	1.810307	
415	3.602093	2.847656	1.337220	1.810307	
415	3.601095	2.900391	1.362647	1.831848	
416	3.601095	2.900391	1.362647	1.831848	
416	3.598882	2.953125	1.387458	1.853242	
417	3.584475	3.111328	1.458068	1.916322	
417	3.585938	3.098911	1.452678	1.911385	
418	3.584475	3.111328	1.458068	1.916322	
418	3.576933	3.164062	1.480300	1.936916	
419	3.598882	2.953125	1.387458	1.853242	
419	3.595409	3.005859	1.411641	1.874468	
420	3.595409	3.005859	1.411641	1.874468	
420	3.590621	3.058594	1.435181	1.895502	
421	3.585938	3.098911	1.452678	1.911385	
421	3.590621	3.058594	1.435181	1.895502	
422	3.576933	3.164062	1.480300	1.936916	
422	3.567877	3.216797	1.501831	1.957229	
423	3.567877	3.216797	1.501831	1.957229	
423	3.557226	3.269531	1.522641	1.977225	
424	3.557226	3.269531	1.522641	1.977225	
424	3.544890	3.322266	1.542704	1.996868	
425	3.533203	3.366127	1.558770	2.012871	
425	3.544890	3.322266	1.542704	1.996868	
426	3.530776	3.375000	1.562000	2.016120	
426	3.533203	3.366127	1.558770	2.012871	
427	3.530776	3.375000	1.562000	2.016120	
427	3.514772	3.427734	1.580498	2.034935	
428	3.514772	3.427734	1.580498	2.034935	
428	3.496724	3.480469	1.598156	2.053250	
429	3.480469	3.523110	1.611762	2.067621	
429	3.496724	3.480469	1.598156	2.053250	
430	3.476485	3.533203	1.614936	2.071007	
430	3.480469	3.523110	1.611762	2.067621	
431	3.476485	3.533203	1.614936	2.071007	
431	3.453820	3.585938	1.630767	2.088107	
432	3.453820	3.585938	1.630767	2.088107	
432	3.428602	3.638672	1.645636	2.104510	
433	3.427734	3.640365	1.646091	2.105017	
433	3.428602	3.638672	1.645636	2.104510	
434	3.400390	3.691406	1.659396	2.120023	
434	3.427734	3.640365	1.646091	2.105017	
435	3.375000	3.734521	1.669821	2.132019	
435	3.400390	3.691406	1.659396	2.120023	
436	0.460565	3.375000	1.205925	0.634733	
436	0.474609	3.388601	1.207798	0.649843	
437	0.474609	3.388601	1.207798	0.649843	
437	0.516557	3.427734	1.213539	0.693714	
438	0.516557	3.427734	1.213539	0.693714	
438	0.527344	3.437863	1.215105	0.705109	
439	0.527344	3.437863	1.215105	0.705109	
439	0.574507	3.480469	1.222092	0.753514	
440	0.574507	3.480469	1.222092	0.753514	
440	0.580078	3.485542	1.222963	0.759295	
441	0.580078	3.485542	1.222963	0.759295	
441	0.632812	3.531709	1.231337	0.812450	
442	0.632812	3.531709	1.231337	0.812450	
442	0.634589	3.533203	1.231623	0.814189	
443	0.685547	3.576539	1.240217	0.864729	
443	0.697088	3.585938	1.242184	0.875825	
444	0.634589	3.533203	1.231623	0.814189	
444	0.685547	3.576539	1.240217	0.864729	
445	0.697088	3.585938	1.242184	0.875825	
445	0.738281	3.619877	1.249539	0.915964	
446	0.738281	3.619877	1.249539	0.915964	
446	0.762131	3.638672	1.253831	0.938486	
447	0.791016	3.661725	1.259265	0.966146	
447	0.829938	3.691406	1.266632	1.002263	
448	0.762131	3.638672	1.253831	0.938486	
448	0.791016	3.661725	1.259265	0.966146	
449	0.829938	3.691406	1.266632	1.002263	
449	0.843750	3.702083	1.269359	1.015265	
450	0.949219	3.778850	1.290621	1.110777	
450	0.975610	3.796875	1.296062	1.133762	
451	0.843750	3.702083	1.269359	1.015265	
451	0.896484	3.741041	1.279802	1.063398	
452	0.896484	3.741041	1.279802	1.063398	
452	0.900871	3.744141	1.280669	1.067283	
453	0.900871	3.744141	1.280669	1.067283	
453	0.949219	3.778850	1.290621	1.110777	
454	1.318359	4.005197	1.373214	1.415090	
454	1.323520	4.007812	1.374408	1.418938	
455	1.265625	3.976910	1.360847	1.374504	
455	1.318359	4.005197	1.373214	1.415090	
456	1.529297	4.105964	1.424083	1.568857	
456	1.547157	4.113281	1.428374	1.580977	
457	1.476562	4.082821	1.411250	1.531870	
457	1.529297	4.105964	1.424083	1.568857	
458	1.582031	4.127929	1.437021	1.605048	
458	1.634766	4.148537	1.449990	1.640289	
459	1.634766	4.148537	1.449990	1.640289	
459	1.683016	4.166016	1.461806	1.671542	
460	1.683016	4.166016	1.461806	1.671542	
460	1.687500	4.167683	1.462938	1.674494	
461	1.547157	4.113281	1.428374	1.580977	
461	1.582031	4.127929	1.437021	1.605048	
462	1.323520	4.007812	1.374408	1.418938	
462	1.371094	4.032467	1.385804	1.455018	
463	1.371094	4.032467	1.385804	1.455018	
463	1.423828	4.058156	1.398434	1.493776	
464	1.423828	4.058156	1.398434	1.493776	
464	1.429050	4.060547	1.399666	1.497490	
465	1.429050	4.060547	1.399666	1.497490	
465	1.476562	4.082821	1.411250	1.531870	
466	0.975610	3.796875	1.296062	1.133762	
466	1.001953	3.815169	1.301711	1.157071	
467	1.001953	3.815169	1.301711	1.157071	
467	1.054133	3.849609	1.312914	1.201779	
468	1.054133	3.849609	1.312914	1.201779	
468	1.054688	3.849982	1.313038	1.202262	
469	1.107422	3.883808	1.324698	1.246833	
469	1.137922	3.902344	1.331441	1.271788	
470	1.054688	3.849982	1.313038	1.202262	
470	1.107422	3.883808	1.324698	1.246833	
471	1.160156	3.916118	1.336540	1.290286	
471	1.212891	3.947102	1.348584	1.332797	
472	1.212891	3.947102	1.348584	1.332797	
472	1.227219	3.955078	1.351831	1.343988	
473	1.227219	3.955078	1.351831	1.343988	
473	1.265625	3.976910	1.360847	1.374504	
474	1.137922	3.902344	1.331441	1.271788	
474	1.160156	3.916118	1.336540	1.290286	
475	1.845703	4.217355	1.501830	1.771854	
475	1.851143	4.218750	1.503128	1.774973	
476	1.792969	4.202277	1.488936	1.740430	
476	1.845703	4.217355	1.501830	1.771854	
477	1.740234	4.185727	1.475969	1.707986	
477	1.792969	4.202277	1.488936	1.740430	
478	1.687500	4.167683	1.462938	1.674494	
478	1.740234	4.185727	1.475969	1.707986	
479	3.369046	3.744141	1.672048	2.134612	
479	3.375000	3.734521	1.669821	2.132019	
480	3.369046	3.744141	1.672048	2.134612	
480	3.333986	3.796875	1.683415	2.148028	
481	3.143606	4.007812	1.712922	2.184884	
481	3.164062	3.989888	1.711707	2.183271	
482	3.250629	3.902344	1.701802	2.170534	
482	3.269531	3.880574	1.698550	2.166465	
483	3.294726	3.849609	1.693382	2.160084	
483	3.322266	3.813269	1.686673	2.151936	
484	3.322266	3.813269	1.686673	2.151936	
484	3.333986	3.796875	1.683415	2.148028	
485	3.269531	3.880574	1.698550	2.166465	
485	3.294726	3.849609	1.693382	2.160084	
486	3.200712	3.955078	1.708428	2.178984	
486	3.216797	3.938908	1.706638	2.176677	
487	3.216797	3.938908	1.706638	2.176677	
487	3.250629	3.902344	1.701802	2.170534	
488	3.164062	3.989888	1.711707	2.183271	
488	3.200712	3.955078	1.708428	2.178984	
489	3.005859	4.109097	1.713760	2.185940	
489	3.058594	4.074222	1.714907	2.187565	
490	2.998910	4.113281	1.713449	2.185494	
490	3.005859	4.109097	1.713760	2.185940	
491	3.077380	4.060547	1.714836	2.187469	
491	3.111328	4.034700	1.714325	2.186770	
492	3.111328	4.034700	1.714325	2.186770	
492	3.143606	4.007812	1.712922	2.184884	
493	3.058594	4.074222	1.714907	2.187565	
493	3.077380	4.060547	1.714836	2.187469	
494	2.953125	4.139848	1.711133	2.182127	
494	2.998910	4.113281	1.713449	2.185494	
495	2.902143	4.166016	1.707358	2.176515	
495	2.953125	4.139848	1.711133	2.182127	
496	2.900391	4.166887	1.707222	2.176311	
496	2.902143	4.166016	1.707358	2.176515	
497	2.847656	4.190590	1.702208	2.168673	
497	2.900391	4.166887	1.707222	2.176311	
498	2.794922	4.211179	1.696196	2.159296	
498	2.847656	4.190590	1.702208	2.168673	
499	2.772742	4.218750	1.693301	2.154704	
499	2.794922	4.211179	1.696196	2.159296	
500	2.554848	4.271484	1.659121	2.097403	
500	2.583984	4.266981	1.664405	2.106602	
501	2.583984	4.266981	1.664405	2.106602	
501	2.636719	4.256702	1.673360	2.121921	
502	2.531250	4.275087	1.654913	2.089993	
502	2.554848	4.271484	1.659121	2.097403	
503	2.636719	4.256702	1.673360	2.121921	
503	2.689453	4.244074	1.681692	2.135853	
504	2.689453	4.244074	1.681692	2.135853	
504	2.742188	4.228943	1.689327	2.148327	
505	2.742188	4.228943	1.689327	2.148327	
505	2.772742	4.218750	1.693301	2.154704	
506	1.851143	4.218750	1.503128	1.774973	
506	1.898438	4.231230	1.514731	1.802499	
507	1.898438	4.231230	1.514731	1.802499	
507	1.951172	4.243633	1.527531	1.832144	
508	1.951172	4.243633	1.527531	1.832144	
508	2.003906	4.254535	1.540204	1.860777	
509	2.003906	4.254535	1.540204	1.860777	
509	2.056641	4.263928	1.552733	1.888404	
510	2.056641	4.263928	1.552733	1.888404	
510	2.107315	4.271484	1.564608	1.913977	
511	2.107315	4.271484	1.564608	1.913977	
511	2.109375	4.271801	1.565102	1.915030	
512	2.162109	4.278230	1.577328	1.940730	
512	2.214844	4.283041	1.589332	1.965378	
513	2.109375	4.271801	1.565102	1.915030	
513	2.162109	4.278230	1.577328	1.940730	
514	2.267578	4.286195	1.601087	1.988960	
514	2.320312	4.287645	1.612562	2.011456	
515	2.214844	4.283041	1.589332	1.965378	
515	2.267578	4.286195	1.601087	1.988960	
516	2.373047	4.287332	1.623723	2.032841	
516	2.425781	4.285189	1.634531	2.053084	
517	2.320312	4.287645	1.612562	2.011456	
517	2.373047	4.287332	1.623723	2.032841	
518	2.478516	4.281138	1.644944	2.072149	
518	2.531250	4.275087	1.654913	2.089993	
519	2.425781	4.285189	1.634531	2.053084	
519	2.478516	4.281138	1.644944	2.072149	
520	-1.937792	0.000000	1.180607	-1.171136	
520	-1.898438	0.038588	1.216291	-1.174269	
521	-1.898438	0.038588	1.216291	-1.174269	
521	-1.883983	0.052734	1.229154	-1.175591	
522	-1.845703	0.089949	1.262580	-1.179525	
522	-1.829702	0.105469	1.276262	-1.181353	
523	-1.883983	0.052734	1.229154	-1.175591	
523	-1.845703	0.089949	1.262580	-1.179525	
524	-1.792969	0.140988	1.306997	-1.185941	
524	-1.775126	0.158203	1.321575	-1.188362	
525	-1.740234	0.191888	1.349371	-1.193441	
525	-1.720470	0.210938	1.364693	-1.196514	
526	-1.775126	0.158203	1.321575	-1.188362	
526	-1.740234	0.191888	1.349371	-1.193441	
527	-1.829702	0.105469	1.276262	-1.181353	
527	-1.792969	0.140988	1.306997	-1.185941	
528	-1.720470	0.210938	1.364693	-1.196514	
528	-1.687500	0.242860	1.389501	-1.201928	
529	-1.687500	0.242860	1.389501	-1.201928	
529	-1.665995	0.263672	1.405180	-1.205647	
530	-1.634766	0.294154	1.427147	-1.211274	
530	-1.611999	0.316406	1.442578	-1.215537	
531	-1.665995	0.263672	1.405180	-1.205647	
531	-1.634766	0.294154	1.427147	-1.211274	
532	-1.582031	0.346069	1.462020	-1.221304	
532	-1.558814	0.369141	1.476428	-1.225887	
533	-1.529297	0.398963	1.493776	-1.231787	
533	-1.506786	0.421875	1.506308	-1.236334	
534	-1.558814	0.369141	1.476428	-1.225887	
534	-1.529297	0.398963	1.493776	-1.231787	
535	-1.611999	0.316406	1.442578	-1.215537	
535	-1.582031	0.346069	1.462020	-1.221304	
536	-1.265625	0.696854	1.588896	-1.275302	
536	-1.234813	0.738281	1.590728	-1.276527	
537	-1.234813	0.738281	1.590728	-1.276527	
537	-1.212891	0.768617	1.590740	-1.276524	
538	-1.212891	0.768617	1.590740	-1.276524	
538	-1.197328	0.791016	1.589890	-1.275875	
539	-1.197328	0.791016	1.589890	-1.275875	
539	-1.161677	0.843750	1.585871	-1.272625	
540	-1.506786	0.421875	1.506308	-1.236334	
540	-1.476562	0.453270	1.522010	-1.242408	
541	-1.476562	0.453270	1.522010	-1.242408	
541	-1.456254	0.474609	1.531865	-1.246460	
542	-1.423828	0.509502	1.546242	-1.252747	
542	-1.407515	0.527344	1.552858	-1.255811	
543	-1.456254	0.474609	1.531865	-1.246460	
543	-1.423828	0.509502	1.546242	-1.252747	
544	-1.371094	0.568259	1.565928	-1.262240	
544	-1.360796	0.580078	1.569193	-1.263936	
545	-1.318359	0.630219	1.580465	-1.270147	
545	-1.316223	0.632812	1.580934	-1.270420	
546	-1.360796	0.580078	1.569193	-1.263936	
546	-1.318359	0.630219	1.580465	-1.270147	
547	-1.407515	0.527344	1.552858	-1.255811	
547	-1.371094	0.568259	1.565928	-1.262240	
548	-1.316223	0.632812	1.580934	-1.270420	
548	-1.274331	0.685547	1.587930	-1.274678	
549	-1.274331	0.685547	1.587930	-1.274678	
549	-1.265625	0.696854	1.588896	-1.275302	
550	-0.843750	1.445522	1.426884	-1.058433	
550	-0.829187	1.476562	1.417210	-1.040407	
551	-0.829187	1.476562	1.417210	-1.040407	
551	-0.803935	1.529297	1.401078	-1.008837	
552	-0.791016	1.555794	1.393122	-0.992530	
552	-0.778577	1.582031	1.385256	-0.975902	
553	-0.803935	1.529297	1.401078	-1.008837	
553	-0.791016	1.555794	1.393122	-0.992530	
554	-0.738281	1.664560	1.361298	-0.921910	
554	-0.727172	1.687500	1.354796	-0.906315	
555	-0.778577	1.582031	1.385256	-0.975902	
555	-0.753044	1.634766	1.369806	-0.941690	
556	-0.753044	1.634766	1.369806	-0.941690	
556	-0.738281	1.664560	1.361298	-0.921910	
557	-1.161677	0.843750	1.585871	-1.272625	
557	-1.160156	0.846079	1.585619	-1.272414	
558	-1.160156	0.846079	1.585619	-1.272414	
558	-1.128658	0.896484	1.578567	-1.266242	
559	-1.107422	0.931119	1.572707	-1.260786	
559	-1.096825	0.949219	1.569152	-1.257351	
560	-1.128658	0.896484	1.578567	-1.266242	
560	-1.107422	0.931119	1.572707	-1.260786	
561	-1.096825	0.949219	1.569152	-1.257351	
561	-1.066622	1.001953	1.557688	-1.245690	
562	-1.066622	1.001953	1.557688	-1.245690	
562	-1.054688	1.023156	1.552687	-1.240344	
563	-1.054688	1.023156	1.552687	-1.240344	
563	-1.037750	1.054688	1.544620	-1.231402	
564	-1.037750	1.054688	1.544620	-1.231402	
564	-1.009643	1.107422	1.530450	-1.214788	
565	-1.001953	1.122031	1.526373	-1.209798	
565	-0.982774	1.160156	1.515208	-1.195657	
566	-1.009643	1.107422	1.530450	-1.214788	
566	-1.001953	1.122031	1.526373	-1.209798	
567	-0.949219	1.226656	1.495305	-1.168728	
567	-0.930447	1.265625	1.483160	-1.151200	
568	-0.982774	1.160156	1.515208	-1.195657	
568	-0.956136	1.212891	1.499475	-1.174555	
569	-0.956136	1.212891	1.499475	-1.174555	
569	-0.949219	1.226656	1.495305	-1.168728	
570	-0.930447	1.265625	1.483160	-1.151200	
570	-0.904717	1.318359	1.466728	-1.126127	
571	-0.896484	1.335183	1.461481	-1.117783	
571	-0.879567	1.371094	1.450110	-1.099121	
572	-0.904717	1.318359	1.466728	-1.126127	
572	-0.896484	1.335183	1.461481	-1.117783	
573	-0.879567	1.371094	1.450110	-1.099121	
573	-0.854272	1.423828	1.433607	-1.070577	
574	-0.854272	1.423828	1.433607	-1.070577	
574	-0.843750	1.445522	1.426884	-1.058433	
575	-0.727172	1.687500	1.354796	-0.906315	
575	-0.701087	1.740234	1.340241	-0.869783	
576	-0.685547	1.770855	1.332048	-0.848158	
576	-0.674524	1.792969	1.326207	-0.832233	
577	-0.701087	1.740234	1.340241	-0.869783	
577	-0.685547	1.770855	1.332048	-0.848158	
578	-0.674524	1.792969	1.326207	-0.832233	
578	-0.647653	1.845703	1.312694	-0.793651	
579	-0.647653	1.845703	1.312694	-0.793651	
579	-0.632812	1.874103	1.305665	-0.772533	
580	-0.632812	1.874103	1.305665	-0.772533	
580	-0.620262	1.898438	1.299747	-0.754144	
581	-0.620262	1.898438	1.299747	-0.754144	
581	-0.592404	1.951172	1.287377	-0.713731	
582	-0.580078	1.974001	1.282213	-0.695996	
582	-0.564069	2.003906	1.275598	-0.672450	
583	-0.592404	1.951172	1.287377	-0.713731	
583	-0.580078	1.974001	1.282213	-0.695996	
584	-0.527344	2.070413	1.261625	-0.619272	
584	-0.505659	2.109375	1.253883	-0.587479	
585	-0.564069	2.003906	1.275598	-0.672450	
585	-0.535042	2.056641	1.264437	-0.630384	
586	-0.535042	2.056641	1.264437	-0.630384	
586	-0.527344	2.070413	1.261625	-0.619272	
587	-0.421875	2.253143	1.228361	-0.466871	
587	-0.413225	2.267578	1.226062	-0.454466	
588	-0.413225	2.267578	1.226062	-0.454466	
588	-0.381127	2.320312	1.218082	-0.408727	
589	-0.381127	2.320312	1.218082	-0.408727	
589	-0.369141	2.339651	1.215321	-0.391793	
590	-0.369141	2.339651	1.215321	-0.391793	
590	-0.348317	2.373047	1.210761	-0.362328	
591	-0.348317	2.373047	1.210761	-0.362328	
591	-0.316406	2.422905	1.204455	-0.317897	
592	-0.316406	2.422905	1.204455	-0.317897	
592	-0.314549	2.425781	1.204109	-0.315315	
593	-0.314549	2.425781	1.204109	-0.315315	
593	-0.280288	2.478516	1.198122	-0.267637	
594	-0.263672	2.503563	1.195515	-0.244784	
594	-0.245087	2.531250	1.192812	-0.219362	
595	-0.280288	2.478516	1.198122	-0.267637	
595	-0.263672	2.503563	1.195515	-0.244784	
596	-0.505659	2.109375	1.253883	-0.587479	
596	-0.475300	2.162109	1.243977	-0.543901	
597	-0.474609	2.163302	1.243760	-0.542907	
597	-0.444763	2.214844	1.234689	-0.499501	
598	-0.475300	2.162109	1.243977	-0.543901	
598	-0.474609	2.163302	1.243760	-0.542907	
599	-0.444763	2.214844	1.234689	-0.499501	
599	-0.421875	2.253143	1.228361	-0.466871	
600	-0.245087	2.531250	1.192812	-0.219362	
600	-0.210938	2.581091	1.188419	-0.173189	
601	-0.210938	2.581091	1.188419	-0.173189	
601	-0.208926	2.583984	1.188183	-0.170492	
602	-0.208926	2.583984	1.188183	-0.170492	
602	-0.172100	2.636719	1.184239	-0.121009	
603	-0.105469	2.728813	1.179017	-0.033193	
603	-0.095485	2.742188	1.178436	-0.020294	
604	-0.172100	2.636719	1.184239	-0.121009	
604	-0.158203	2.656310	1.182950	-0.102475	
605	-0.158203	2.656310	1.182950	-0.102475	
605	-0.134297	2.689453	1.180988	-0.070942	
606	-0.134297	2.689453	1.180988	-0.070942	
606	-0.105469	2.728813	1.179017	-0.033193	
607	-0.095485	2.742188	1.178436	-0.020294	
607	-0.055704	2.794922	1.176589	0.030939	
608	-0.052734	2.798844	1.176480	0.034774	
608	-0.014995	2.847656	1.175456	0.082757	
609	-0.055704	2.794922	1.176589	0.030939	
609	-0.052734	2.798844	1.176480	0.034774	
610	-0.014995	2.847656	1.175456	0.082757	
610	0.000000	2.866846	1.175222	0.101760	
