1 -9.896581 0.127358 -0.025868 0.581058 -5.386333 435.166930 0.000000 
1 1.243806 0.090233 -0.063877 0.297375 -0.029945 433.920395 0.000000 
1 -11303.596441 0.021664 -0.025389 0.409386 -0.027219 434.752637 0.000000 
1 -3.016641 0.032254 -0.032030 0.327446 -7.341822 434.651853 0.000000 
1 -0.756424 0.009393 -0.066145 0.301662 -6.600385 434.112345 0.000000 
1 -2.281261 -0.067853 0.031033 0.381928 -4.640071 434.789712 0.000000 
1 -4.777848 -0.016873 -0.005448 0.248411 -7.492193 434.305058 0.000000 
1 1.220663 0.053266 -0.001202 0.238048 -4.468315 434.250745 0.000000 
1 -12.341113 0.101735 -0.052033 0.514597 -8.653702 434.067468 0.000000 
1 1.608568 -0.006766 -0.036404 0.329072 -2.345541 433.969110 0.000000 
1 0.703323 0.061661 -0.010892 0.188722 -5.431987 434.128983 -0.058430 
1 -7.367382 -0.037408 0.013334 0.443124 -8.563441 434.873317 -0.058430 
1 -11303.954424 0.022624 -0.024036 0.410746 -0.089176 434.823080 -0.058430 
1 -11323.929983 0.139889 -0.015244 0.346205 -1.057626 434.486763 -0.058430 
1 -5.772819 0.035687 -0.036651 0.537987 -4.631046 433.911982 -0.058430 
1 -10.086763 0.101283 -0.046302 0.663658 -5.101558 434.625350 -0.058430 
1 -2.730301 0.032484 -0.082426 0.405073 -6.163996 434.389326 -0.058430 
1 -11330.101660 0.100240 0.015102 0.363648 -4.649854 433.872302 -0.058430 
1 -11330.120181 0.070061 0.002790 0.477263 -4.492343 433.665307 -0.058430 
1 2.432215 -0.018760 -0.045772 0.321141 -2.172638 434.806655 -0.058430 
1 -11.125922 0.199560 -0.017591 0.509168 -4.588035 435.048620 -0.071376 
1 1.599864 0.103952 -0.043396 0.256830 -1.048097 434.138719 -0.071376 
1 2.008830 0.021166 -0.011249 0.235486 -2.647019 434.790614 -0.071376 
1 -6.611594 -0.044865 -0.060541 0.508079 -8.163551 434.071263 -0.071376 
1 -11.510782 0.067439 -0.021232 0.602293 -7.323154 433.954425 -0.071376 
1 1.112105 0.037401 -0.042087 0.261245 -5.197694 434.207889 -0.071376 
1 2.377107 0.023416 -0.060529 0.312243 -2.814531 434.189180 -0.071376 
1 -11330.138351 0.100271 0.014442 0.362689 -4.664218 433.868056 -0.071376 
1 -8.253026 0.081857 -0.045222 0.529110 -6.367444 434.487858 -0.071376 
1 -2.021585 -0.025376 -0.092171 0.449724 -6.070671 434.295839 -0.071376 
1 2.714519 0.043870 -0.021375 0.246659 -0.837447 434.081521 -0.087513 
1 -11278.282310 0.145756 -0.037458 0.174768 -11.153446 434.207808 -0.087513 
1 -0.249397 0.044709 -0.041655 0.341667 -4.336309 434.329183 -0.087513 
1 -6.986191 0.084792 -0.087379 0.519055 -5.989747 434.074528 -0.087513 
1 -10.146771 0.064537 -0.012207 0.581674 -6.496737 434.074927 -0.087513 
1 -12.773177 0.051202 0.023272 0.597941 -7.667915 434.270835 -0.087513 
1 -7.665469 0.029128 -0.068612 0.506350 -7.672358 433.816480 -0.087513 
1 -7.072503 0.072061 -0.064929 0.315609 -8.909250 433.830994 -0.087513 
1 -3.342239 0.119047 0.038129 0.235656 -4.776215 434.173774 -0.087513 
1 1.260473 0.040499 -0.061497 0.252054 -5.168308 434.635026 -0.087513 
1 1.294826 0.102454 -0.088663 0.298517 -1.077624 434.616730 -0.133746 
1 -0.494213 -0.059314 -0.043453 0.281691 -0.495330 434.330733 -0.133746 
1 -3.526888 0.116115 0.015956 0.260240 -5.619632 434.606488 -0.133746 
1 -11315.130024 0.032462 -0.032870 0.673110 0.551531 434.043517 -0.133746 
1 -3.551717 0.041985 -0.126559 0.603031 -2.196760 433.989801 -0.133746 
1 -18.319440 0.158048 0.027427 0.380609 -10.490556 434.348120 -0.133746 
1 0.818863 0.033367 -0.038519 0.312067 -4.672269 434.930895 -0.133746 
1 -6.628297 0.072141 -0.062273 0.306611 -8.807383 433.837346 -0.133746 
1 -11293.773639 0.054501 -0.010419 0.285911 1.785020 434.202132 -0.133746 
1 -11292.798570 0.162875 0.011595 0.139742 -4.825549 434.193865 -0.133746 
1 1.648647 0.096065 -0.100444 0.301969 -0.959129 434.628917 -0.207875 
1 -1.893012 -0.004755 -0.033155 0.335872 -6.884309 434.459504 -0.207875 
1 -11310.418708 0.042347 -0.049588 0.351288 -2.540966 434.754870 -0.207875 
1 -11322.533367 0.104463 -0.003940 0.399633 -2.059263 434.254039 -0.207875 
1 -11304.105897 0.008030 0.018194 0.349307 -2.773062 434.522120 -0.207875 
1 -3.324562 -0.031010 -0.076300 0.246369 -0.332066 434.486844 -0.207875 
1 -11301.452621 0.028596 -0.077162 0.357693 -0.029104 434.299858 -0.207875 
1 -7.149402 0.163880 0.016415 0.287424 -4.438749 433.996984 -0.207875 
1 0.177359 0.056881 -0.028708 0.263745 -5.442328 433.952374 -0.207875 
1 -11327.363216 0.059315 -0.022411 0.471420 -4.177956 434.474128 -0.207875 
1 1.690141 0.094312 -0.100215 0.304328 -0.941214 434.634425 -0.232901 
1 -10.052873 0.165885 0.002307 0.415049 -5.286972 433.999949 -0.232901 
1 0.459679 0.056384 -0.072971 0.259710 -5.623351 434.472118 -0.232901 
1 -11319.062445 0.102291 0.022526 0.269650 -3.612436 434.090715 -0.232901 
1 -2.176883 0.070100 -0.043405 0.303489 -6.318698 434.313351 -0.232901 
1 -4.310266 0.011051 -0.067274 0.244715 -7.990569 434.551014 -0.232901 
1 1.845419 0.084462 0.000641 0.241372 -2.178789 434.765993 -0.232901 
1 -11324.107903 0.121755 -0.011192 0.360860 -2.020373 434.789053 -0.232901 
1 -7.093654 -0.056200 -0.066142 0.288743 -7.591424 434.645571 -0.232901 
1 -1.977998 -0.017757 -0.088365 0.390926 -6.829297 434.434795 -0.232901 
1 0.307841 0.130060 -0.093160 0.239871 -1.265605 433.727917 -0.247519 
1 -1.558270 0.030706 -0.092218 0.412220 -5.112366 434.060653 -0.247519 
1 2.699255 0.050818 -0.048089 0.284689 -2.311465 434.619629 -0.247519 
1 -12.731441 0.170465 -0.033975 0.573353 -6.391604 434.243540 -0.247519 
1 -7.770676 0.092381 -0.090255 0.399402 -7.843030 434.566276 -0.247519 
1 -2.546732 0.078216 -0.054205 0.391255 -4.433347 434.590546 -0.247519 
1 1.773452 0.085777 -0.000801 0.246765 -2.420388 434.992603 -0.247519 
1 -3.350329 0.046962 -0.036330 0.179836 -5.399768 434.036443 -0.247519 
1 -0.936959 0.016243 -0.055622 0.259057 -6.540126 434.958957 -0.247519 
1 -11310.857106 0.033960 -0.005778 0.405048 -1.912246 434.384895 -0.247519 
1 0.906322 0.060770 0.011558 0.247593 -1.419185 434.018270 -0.294414 
1 1.892777 0.038114 -0.007700 0.272767 -0.976050 434.557802 -0.294414 
1 2.699255 0.050818 -0.048089 0.284689 -2.311465 434.619629 -0.294414 
1 -11310.530806 0.133362 0.008679 0.298897 1.681331 434.396313 -0.294414 
1 -5.396203 0.088937 -0.055965 0.375402 -6.730116 434.563530 -0.294414 
1 2.540047 0.049674 -0.014345 0.207429 -2.988721 434.324467 -0.294414 
1 -6.541284 0.044995 -0.064281 0.638807 -3.629316 434.340625 -0.294414 
1 -5.787394 0.068846 -0.031086 0.388998 -6.787465 433.707842 -0.294414 
1 -11316.175749 -0.020652 -0.074212 0.644960 -1.260083 433.632783 -0.294414 
1 -11330.511322 0.042793 0.002857 0.470343 -5.636568 434.203347 -0.294414 
1 -2.288871 0.045927 -0.070362 0.402350 -5.436260 434.655901 -0.309060 
1 -8.115251 0.091252 -0.030025 0.359586 -8.230301 434.247894 -0.309060 
1 -11313.873582 0.009891 -0.009450 0.505154 -1.892434 434.308304 -0.309060 
1 1.710397 0.038563 -0.038187 0.291569 -3.680716 434.333164 -0.309060 
1 -2.250597 0.084559 -0.034298 0.267807 -6.591112 434.365860 -0.309060 
1 -1.595456 0.084724 -0.025561 0.302833 -5.193721 434.686207 -0.309060 
1 -11.073733 0.045850 -0.080703 0.817614 -4.975394 434.200417 -0.309060 
1 -10.957235 0.204868 -0.065493 0.483578 -5.162868 434.632176 -0.309060 
1 -10.570048 0.028591 -0.009709 0.773966 -3.100124 435.041696 -0.309060 
1 1.743104 0.099533 -0.043144 0.239254 -3.071731 434.396762 -0.309060 
1 -11.777194 0.117250 -0.012313 0.716087 -2.978675 434.093547 -0.309140 
1 -11.427928 0.077090 -0.036657 0.348375 -10.362403 434.310971 -0.309140 
1 -14.339425 -0.027519 -0.014908 0.241578 -10.556149 434.340565 -0.309140 
1 -8.823977 0.113628 -0.050388 0.651281 -3.305104 434.573905 -0.309140 
1 3.280608 0.075692 -0.085020 0.261563 -1.515344 434.566802 -0.309140 
1 1.293788 -0.051732 -0.048389 0.315217 -2.695503 434.060049 -0.309140 
1 -3.643802 0.151929 0.000296 0.259686 -3.434492 434.536385 -0.309140 
1 -3.315554 -0.011159 -0.015645 0.227164 -4.485556 434.171670 -0.309140 
1 -10.007747 0.118441 -0.026352 0.444376 -7.361380 434.174248 -0.309140 
1 2.531571 0.019337 -0.071722 0.331832 -0.234012 434.056766 -0.309140 
1 -8.541140 0.074165 -0.006460 0.408156 -7.704301 433.717603 -0.309190 
1 -0.207445 -0.024525 -0.050119 0.244506 0.807151 433.630446 -0.309190 
1 0.372204 -0.027540 -0.047640 0.299556 -4.971780 433.964983 -0.309190 
1 -7.200504 0.114001 -0.099784 0.473643 -5.985371 434.029097 -0.309190 
1 2.882537 0.076349 -0.092279 0.264467 -2.143239 434.542399 -0.309190 
1 -0.599581 -0.046492 -0.048698 0.268279 -1.145442 434.174847 -0.309190 
1 -3.644376 0.151950 -0.000067 0.260077 -3.429995 434.536037 -0.309190 
1 -9.118411 0.050048 0.005016 0.372783 -9.188515 434.296862 -0.309190 
1 0.434816 0.017528 0.007934 0.213829 -2.478416 434.152464 -0.309190 
1 -4.626217 -0.018692 -0.110122 0.307055 -8.682314 433.761228 -0.309190 
1 -11.634841 0.030019 -0.033979 0.617288 -8.183445 434.087008 -0.328221 
1 -3.585952 0.019133 -0.055337 0.206180 -4.222066 434.166523 -0.328221 
1 1.644758 0.097219 -0.062312 0.251455 -3.019970 434.364253 -0.328221 
1 -11312.347511 -0.004723 -0.039228 0.545825 -1.140563 433.985515 -0.328221 
1 -13.602461 0.091188 0.015173 0.747686 -4.653832 434.335294 -0.328221 
1 0.282944 0.036342 0.018015 0.281054 -2.994576 434.495259 -0.328221 
1 -5.768150 0.018468 -0.039682 0.218161 -8.034922 434.540971 -0.328221 
1 0.017150 0.003012 -0.006286 0.303363 -5.105337 434.656411 -0.328221 
1 -0.229210 0.068205 -0.035547 0.298054 -4.870463 434.589390 -0.328221 
1 2.444295 -0.049710 -0.105708 0.401489 -2.408340 434.241601 -0.328221 
1 -9.086464 0.105954 -0.058177 0.634429 -4.697811 434.355789 -0.328956 
1 0.235040 0.039456 -0.045871 0.209573 -5.249866 433.878718 -0.328956 
1 0.139714 0.096459 -0.088768 0.301245 -3.571912 435.132283 -0.328956 
1 -10.005685 0.152337 -0.050399 0.650037 -2.603363 433.953659 -0.328956 
1 -7.608698 -0.008896 -0.031025 0.408102 -9.354574 434.438595 -0.328956 
1 -0.155248 0.011887 -0.042808 0.362378 -4.367693 433.981638 -0.328956 
1 -9.181741 0.114436 -0.007975 0.366975 -7.635468 433.894597 -0.328956 
1 -412.092869 0.057742 -0.032957 0.356755 -4.239593 434.497979 -0.328956 
1 -1.027395 0.028173 -0.023703 0.213585 -5.889980 434.136050 -0.328956 
1 -1.001282 0.107328 -0.059216 0.335983 -1.515639 433.870786 -0.328956 
1 -0.006677 0.030402 -0.073881 0.218311 -4.278311 434.203880 -0.349208 
1 -0.003010 0.029076 -0.044350 0.216387 -5.137531 433.876863 -0.349208 
1 -13.976449 0.093476 -0.032507 0.487902 -9.743270 434.224699 -0.349208 
1 -10.045399 0.041356 -0.026045 0.493169 -8.579331 434.183160 -0.349208 
1 -11.267198 0.159454 -0.059057 0.409135 -7.479046 434.326301 -0.349208 
1 -7.286040 0.170707 -0.107688 0.469188 -3.763174 434.182392 -0.349208 
1 0.902329 0.060132 -0.063411 0.312428 -3.918922 434.406463 -0.349208 
1 -5.251571 0.009474 -0.055123 0.441932 -7.412944 434.120496 -0.349208 
1 2.105595 0.098401 -0.038564 0.163793 -3.825236 434.209317 -0.349208 
1 -11316.408475 0.057243 -0.000563 0.488833 -1.304468 435.086281 -0.349208 
1 1.819648 0.051727 -0.068696 0.249002 -4.635139 434.158173 -0.349236 
1 3.032174 0.081735 -0.006684 0.178209 -3.190662 434.565054 -0.349236 
1 -14.229600 0.147651 -0.031799 0.625681 -7.425005 434.154326 -0.349236 
1 -1.539852 0.053340 -0.046838 0.186370 -4.909743 434.508748 -0.349236 
1 -1.914790 -0.023119 -0.025112 0.388869 -6.139367 434.796703 -0.349236 
1 0.633048 -0.060549 -0.087102 0.451345 -3.649008 434.178124 -0.349236 
1 0.589187 0.070363 -0.077266 0.183171 -3.675457 434.003774 -0.349236 
1 -1.777016 0.039926 0.034499 0.291420 -5.145796 434.707626 -0.349236 
1 -0.106708 0.088638 -0.077593 0.359291 -1.919677 434.524370 -0.349236 
1 -0.545202 0.062149 -0.035072 0.304017 -4.820028 433.856880 -0.349236 
1 0.170440 0.003596 -0.032145 0.314024 -5.312690 434.279621 -0.349307 
1 -1.016481 0.129596 -0.016042 0.250271 -3.249108 434.601830 -0.349307 
1 1.206412 0.077814 -0.036259 0.249899 -4.353710 434.157539 -0.349307 
1 -9.248524 0.037881 -0.064052 0.596721 -7.301447 434.262119 -0.349307 
1 0.577814 0.007321 -0.047825 0.306126 -5.416654 434.676761 -0.349307 
1 -1.225121 0.091484 -0.034461 0.175670 -6.911588 434.245519 -0.349307 
1 2.835842 0.033582 -0.025855 0.254303 -0.405844 434.408948 -0.349307 
1 -7.390756 0.191302 -0.009309 0.326422 -2.475955 434.401272 -0.349307 
1 -3.596493 0.035941 -0.022263 0.214391 -8.077974 434.539765 -0.349307 
1 -11.729061 -0.073089 0.043621 0.246615 -4.855105 434.430984 -0.349307 
1 -0.815014 0.097212 -0.035085 0.306623 -3.065760 433.960068 -0.349361 
1 -1.533798 0.136417 -0.017937 0.248502 -3.378330 434.609990 -0.349361 
1 0.064188 0.045280 -0.000409 0.322296 -0.147509 434.999567 -0.349361 
1 -6.100041 0.037084 -0.041311 0.503102 -6.052671 434.115508 -0.349361 
1 -2.055205 -0.084026 -0.031349 0.314576 -4.393558 434.191595 -0.349361 
1 -8.670793 -0.023735 -0.031851 0.711222 -4.945258 434.137970 -0.349361 
1 1.444229 0.042822 0.007823 0.193015 -0.657479 434.199515 -0.349361 
1 2.103911 0.157476 0.019756 0.112619 -1.375916 434.047851 -0.349361 
1 1.513625 0.069730 -0.079592 0.203747 -4.279694 434.020393 -0.349361 
1 -6.842095 0.015286 -0.010970 0.528345 -6.212753 434.754446 -0.349361 
1 -7.774221 0.093810 -0.033296 0.406708 -7.204434 433.930855 -0.349457 
1 -6.944394 0.144135 -0.016439 0.312430 -6.014297 434.230245 -0.349457 
1 1.739749 0.036351 -0.090620 0.314029 -3.860867 433.741085 -0.349457 
1 -15.603138 0.069086 -0.059719 0.494810 -11.020186 434.417677 -0.349457 
1 -12.223834 0.110612 -0.080150 0.596297 -7.993536 434.570991 -0.349457 
1 0.078200 0.040690 -0.026305 0.276275 -5.504475 433.939275 -0.349457 
1 -0.559799 0.016893 -0.102944 0.231517 -3.658484 434.148321 -0.349457 
1 0.963991 0.131228 -0.037188 0.214047 -2.152647 434.531210 -0.349457 
1 0.059949 0.030224 -0.037167 0.342490 -4.400450 434.497719 -0.349457 
1 2.199980 0.064351 -0.009573 0.227863 -3.792758 434.497851 -0.349457 
1 2.549338 -0.003769 -0.068072 0.311856 -3.249096 434.658768 -0.349521 
1 1.686803 0.002530 -0.023176 0.302883 -0.568252 434.275229 -0.349521 
1 -5.595872 0.094988 -0.058927 0.447225 -5.307614 434.142640 -0.349521 
1 -0.956786 0.078729 -0.039292 0.318479 -4.421813 434.317468 -0.349521 
1 -5.902836 0.090418 -0.077667 0.396400 -6.809363 434.437586 -0.349521 
1 -1.762796 0.128086 0.009811 0.221129 -4.430016 434.163269 -0.349521 
1 -3.849343 0.025310 0.004444 0.215740 -7.977353 434.336765 -0.349521 
1 -0.448140 0.145182 -0.039464 0.222343 -1.979669 434.578650 -0.349521 
1 -10.753597 0.117861 -0.070626 0.657021 -5.934295 434.458657 -0.349521 
1 0.244468 0.080741 -0.043962 0.322305 -2.823581 434.634497 -0.349521 
1 -11.802809 0.026845 -0.064276 0.908290 -1.590325 434.373829 -0.350653 
1 -11.412141 0.072836 -0.008787 0.659789 -6.015184 434.450610 -0.350653 
1 -7.566660 0.015238 -0.039202 0.634599 -4.846238 433.891410 -0.350653 
1 -0.645676 -0.077486 -0.000281 0.358231 -1.413680 434.078869 -0.350653 
1 -2.133317 0.043513 -0.035473 0.312609 -6.593617 433.863813 -0.350653 
1 -1.523790 0.105866 -0.056260 0.364099 -1.984455 434.510919 -0.350653 
1 -412.091782 0.108563 0.003072 0.324297 -4.899881 434.140315 -0.350653 
1 -5.737014 0.009997 -0.061233 0.454033 -7.574483 434.025956 -0.350653 
1 3.545175 0.095559 -0.031210 0.201291 -1.953758 434.459781 -0.350653 
1 -5.869377 0.079801 -0.047890 0.391812 -6.807119 433.940961 -0.350653 
1 -6.714836 0.010321 -0.013906 0.487300 -7.155215 434.867802 -0.350795 
1 3.007005 0.060286 -0.038937 0.222184 -3.327977 434.593719 -0.350795 
1 -6.849449 0.017918 -0.031756 0.578684 -5.102739 433.809893 -0.350795 
1 -9.953335 0.054292 -0.116425 0.715729 -6.594504 434.578394 -0.350795 
1 -2.634110 0.060825 -0.016561 0.303591 -6.682638 434.617489 -0.350795 
1 -4.087289 -0.043805 -0.061905 0.593184 -4.381655 434.097087 -0.350795 
1 -5.136245 0.046527 -0.043730 0.534233 -4.377672 434.699976 -0.350795 
1 -3.893607 0.015901 0.062416 0.231256 -0.237518 433.873956 -0.350795 
1 -4.465678 0.084360 -0.079610 0.536498 -2.595614 434.390413 -0.350795 
1 -14.144123 0.122585 -0.016825 0.503547 -8.932853 434.298215 -0.350795 
1 -3.422311 0.105086 -0.047052 0.325056 -5.565728 434.696667 -0.350861 
1 -3.876961 0.002662 -0.065815 0.468486 -6.435434 434.754284 -0.350861 
1 1.312739 0.086724 -0.051913 0.266808 -3.629209 434.654619 -0.350861 
1 2.082921 0.116096 -0.034072 0.209817 -2.364059 434.402376 -0.350861 
1 -3.412234 0.057966 -0.041154 0.293589 -7.593919 434.056693 -0.350861 
1 -11.581003 0.185880 -0.056624 0.552742 -5.625082 434.309471 -0.350861 
1 -3.043477 -0.001190 0.029293 0.261604 -7.067406 434.242173 -0.350861 
1 -0.711330 0.084811 0.008133 0.139390 -4.994141 433.921732 -0.350861 
1 -2.475501 0.077372 -0.070963 0.424888 -3.473077 434.144298 -0.350861 
1 -0.514351 -0.076954 -0.036322 0.344056 -4.731033 434.596360 -0.350861 
1 0.487689 0.081524 -0.024006 0.257434 -4.699601 434.596439 -0.350904 
1 -2.352034 0.147548 -0.073367 0.326355 -0.223931 434.240926 -0.350904 
1 0.947933 -0.027558 -0.066071 0.304248 2.831289 434.281115 -0.350904 
1 3.594884 0.065321 -0.030224 0.216258 -1.981479 434.382068 -0.350904 
1 -3.037763 -0.003281 0.036190 0.330632 -4.890328 433.629174 -0.350904 
1 3.187766 0.000877 -0.088706 0.265541 -0.007910 433.949972 -0.350904 
1 -5.314880 -0.020176 0.010894 0.299522 -8.798930 434.284916 -0.350904 
1 -0.447863 0.086860 0.007351 0.138796 -5.048903 433.897518 -0.350904 
1 0.964932 0.014537 -0.019650 0.264583 -4.818743 434.422049 -0.350904 
1 -14.692937 0.061926 -0.062314 0.709330 -8.785179 434.067220 -0.350904 
1 -8.565740 0.042332 -0.031736 0.617980 -5.405012 433.973753 -0.351065 
1 -10.279507 0.189777 -0.036596 0.338462 -5.756405 434.168369 -0.351065 
1 -8.487761 0.080179 -0.026617 0.466838 -7.100395 434.132572 -0.351065 
1 1.305126 -0.001956 -0.034727 0.336630 -2.306066 433.888346 -0.351065 
1 1.048052 0.041013 0.001318 0.253331 -2.531942 433.522237 -0.351065 
1 -3.457053 -0.006638 -0.043783 0.207639 0.801030 433.555997 -0.351065 
1 -7.864755 0.063216 -0.018715 0.531211 -6.060133 434.825085 -0.351065 
1 -2.205661 -0.014565 -0.036384 0.234175 -3.154453 434.266467 -0.351065 
1 4.017942 0.060498 -0.074514 0.233315 -1.087169 434.050519 -0.351065 
1 -11.922327 0.137258 -0.080870 0.694374 -6.040221 434.366216 -0.351065 
1 -8.232742 0.042921 -0.032183 0.607252 -5.299863 433.972904 -0.351194 
1 -9.761732 0.136604 -0.011259 0.556765 -4.035127 434.068093 -0.351194 
1 1.862997 0.028707 -0.018763 0.290090 0.053540 434.729869 -0.351194 
1 -0.515068 0.064643 0.023999 0.261178 -3.568784 434.126507 -0.351194 
1 -6.861905 0.073867 -0.031960 0.540269 -4.195258 433.820329 -0.351194 
1 -5.587975 0.119849 -0.051405 0.336487 -6.260590 434.520163 -0.351194 
1 -6.250663 0.048654 -0.043334 0.436871 -7.130120 434.070905 -0.351194 
1 3.060098 -0.000773 -0.058154 0.290354 -1.094148 434.242630 -0.351194 
1 1.874347 0.072432 -0.064997 0.288406 -2.599392 434.044040 -0.351194 
1 -2.451420 0.049122 -0.028160 0.253216 -7.820434 434.708508 -0.351194 
1 -6.928408 0.002241 -0.008054 0.215339 -7.159007 434.466570 -0.351358 
1 -4.186693 0.113863 -0.048845 0.347251 -5.292583 434.560582 -0.351358 
1 2.034012 0.033544 -0.021559 0.292485 -0.104751 434.834535 -0.351358 
1 -4.245736 0.043621 -0.040682 0.396270 -6.545809 434.094030 -0.351358 
1 -9.975741 0.149456 -0.028408 0.642347 -1.221138 434.561440 -0.351358 
1 -0.476176 0.040844 -0.008754 0.308292 -4.520460 434.073227 -0.351358 
1 -4.018882 0.066091 -0.001358 0.140586 -1.750389 433.668553 -0.351358 
1 -4.808867 0.002461 -0.003657 0.312322 -8.589403 434.132597 -0.351358 
1 -12.106435 0.090695 -0.047977 0.616003 -7.655863 434.273288 -0.351358 
1 1.693295 0.006905 -0.132608 0.355326 -4.081375 434.392127 -0.351358 
1 -18.944676 -0.026600 -0.043928 0.916211 -9.462685 434.125294 -0.351805 
1 -3.467109 0.059070 0.007316 0.154229 -4.164280 434.127037 -0.351805 
1 -2.298520 0.083812 -0.027538 0.284342 -6.315379 434.684312 -0.351805 
1 -11.121331 0.087413 -0.033512 0.767376 -1.915793 434.034449 -0.351805 
1 -6.899556 0.090585 -0.011795 0.377127 -6.750697 433.755600 -0.351805 
1 -13.763620 0.081707 0.013292 0.785180 -3.804141 434.176624 -0.351805 
1 -5.773175 0.078417 0.026946 0.282844 -7.741919 434.235354 -0.351805 
1 -9.916639 0.066796 -0.006582 0.637522 -5.015026 434.465290 -0.351805 
1 -2.955874 0.115325 -0.086379 0.333857 -4.445250 433.813130 -0.351805 
1 -1.998496 0.011255 0.017348 0.362380 -3.860832 434.306788 -0.351805 
1 3.232531 0.085385 -0.089396 0.222712 -1.844501 434.216252 -0.351912 
1 1.798147 0.128245 0.019121 0.174981 -0.946848 434.310552 -0.351912 
1 -4.322940 -0.043330 -0.042042 0.422825 -7.793058 434.506662 -0.351912 
1 -6.718236 0.055531 -0.100621 0.697952 -1.219886 433.463331 -0.351912 
1 -12.816915 -0.053461 0.024818 0.676982 -8.113166 434.082209 -0.351912 
1 2.489086 0.080160 0.021388 0.162890 -2.462097 434.272161 -0.351912 
1 2.401772 0.104170 -0.068653 0.212637 -2.473619 434.724888 -0.351912 
1 0.362444 0.044268 -0.048257 0.238748 -5.972425 434.429847 -0.351912 
1 1.188948 -0.018104 -0.033818 0.337947 -3.292723 434.112689 -0.351912 
1 2.329541 0.047523 -0.039098 0.222201 -3.908941 434.493045 -0.351912 
1 2.309946 -0.008963 -0.098314 0.259440 0.108902 433.795842 -0.352166 
1 -12.175577 0.035007 -0.025477 0.543440 -9.167292 433.913709 -0.352166 
1 -0.595909 0.079839 -0.072368 0.322917 -4.535374 434.668527 -0.352166 
1 -10.912391 0.100947 -0.021338 0.641292 -5.119693 433.757909 -0.352166 
1 0.048662 -0.009477 -0.075625 0.375753 -5.168652 434.193130 -0.352166 
1 1.869794 0.098717 0.032955 0.168021 0.425316 434.393884 -0.352166 
1 2.959166 0.102739 -0.040155 0.178664 -2.998100 434.363662 -0.352166 
1 0.156508 0.098127 -0.047044 0.207546 -5.497416 433.573499 -0.352166 
1 -2.926898 0.015070 -0.078451 0.285990 -7.978031 434.475839 -0.352166 
1 -4.549308 0.029838 0.009161 0.245228 -8.878382 434.273406 -0.352166 
1 0.729070 0.007142 0.004796 0.231054 -1.213477 434.258867 -0.352106 
1 3.046106 0.044688 -0.044821 0.223643 -2.624532 434.573547 -0.352106 
1 1.324849 0.058118 0.020598 0.224663 -0.472404 434.457387 -0.352106 
1 1.850734 0.081285 -0.024093 0.243543 -3.336926 434.272346 -0.352106 
1 -3.828569 0.037910 -0.060172 0.181630 3.070574 434.360533 -0.352106 
1 1.987163 0.118326 -0.093114 0.187798 0.453370 434.359559 -0.352106 
1 3.002642 0.085405 -0.036925 0.177431 -2.939595 434.363856 -0.352106 
1 1.780604 0.080926 -0.045664 0.193388 -4.812251 433.723903 -0.352106 
1 -3.882039 0.018838 -0.073661 0.290374 -8.514158 434.468685 -0.352106 
1 -0.339001 0.106434 -0.068554 0.314216 -2.639061 434.381065 -0.352106 
1 -2.451449 0.161086 -0.011837 0.234026 1.496937 434.460968 -0.352392 
1 2.147907 0.071225 -0.063690 0.227128 -4.198597 434.419969 -0.352392 
1 -0.624206 0.010594 -0.063974 0.404439 -4.577313 434.436462 -0.352392 
1 0.634446 0.081009 -0.113066 0.285669 -3.903028 433.685871 -0.352392 
1 -2.737216 0.060921 -0.120780 0.209579 -5.600955 434.532470 -0.352392 
1 -5.535341 0.066482 0.016547 0.285707 -8.373476 434.906125 -0.352392 
1 -3.019703 0.059151 -0.054205 0.260490 -7.865575 433.681439 -0.352392 
1 -9.209351 0.136027 -0.019267 0.581889 -2.731750 434.191505 -0.352392 
1 -5.754066 0.085138 -0.009341 0.285813 -8.270592 434.834803 -0.352392 
1 -0.301742 0.060712 -0.087428 0.220586 -5.795370 434.318915 -0.352392 
1 0.261221 -0.004692 -0.023894 0.248619 -3.991044 434.549944 -0.353097 
1 -2.387810 0.059356 -0.083145 0.300723 -6.941809 434.733227 -0.353097 
1 -15.515722 0.196548 -0.057446 0.888425 -2.529740 434.107302 -0.353097 
1 -4.890037 0.055607 -0.084128 0.471282 -5.861005 433.872104 -0.353097 
1 -5.865973 0.068011 -0.051555 0.575448 -3.242909 434.498877 -0.353097 
1 -11.565475 0.114970 0.009805 0.529927 -6.621364 434.231676 -0.353097 
1 -4.233208 0.022606 -0.073175 0.452557 -6.552834 434.387412 -0.353097 
1 -12.030955 0.118306 -0.059959 0.599986 -7.368572 434.221073 -0.353097 
1 -4.648119 0.131089 -0.005265 0.251843 -6.350782 434.799233 -0.353097 
1 -5.199449 0.008884 -0.076992 0.488247 -6.912996 434.164200 -0.353097 
1 -6.660261 0.145434 -0.033108 0.371403 -5.013619 434.294280 -0.356789 
1 -414.073618 0.085693 -0.039560 0.315829 -2.091310 434.340111 -0.356789 
1 -10.414267 0.165376 -0.039928 0.607691 -3.633229 434.101983 -0.356789 
1 -3.981339 0.004635 -0.066498 0.500841 -5.619325 434.119356 -0.356789 
1 -4.728128 0.061818 -0.063630 0.558215 -2.846066 434.526787 -0.356789 
1 -1.556151 0.064816 -0.041391 0.325613 -5.473558 434.396312 -0.356789 
1 -2.630229 -0.018733 -0.060844 0.305625 -7.654894 434.463645 -0.356789 
1 -11.599724 0.080934 0.026735 0.405037 -9.031981 434.474897 -0.356789 
1 2.357416 -0.001873 -0.039186 0.281937 -2.881965 434.901166 -0.356789 
1 0.939992 0.030579 -0.084816 0.342708 -4.462622 434.785614 -0.356789 
1 -6.392135 0.115674 -0.024677 0.342673 -6.417154 433.927326 -0.357233 
1 -13.496604 0.202397 -0.015248 0.610298 -4.935049 434.133102 -0.357233 
1 -1.267180 0.075541 -0.041412 0.287838 -5.882242 434.652943 -0.357233 
1 -11.499578 0.132461 -0.034538 0.433519 -8.129372 434.448752 -0.357233 
1 0.823920 0.102814 -0.044174 0.270197 -0.438377 433.609715 -0.357233 
1 -1.592972 0.062791 -0.109086 0.378739 -4.999484 434.320198 -0.357233 
1 2.805860 0.035285 -0.023033 0.222681 -1.615407 434.544496 -0.357233 
1 -10.515345 0.083055 -0.018702 0.507561 -7.631536 434.075313 -0.357233 
1 1.575646 -0.000569 -0.111234 0.310500 -4.622203 434.290616 -0.357233 
1 -3.096597 0.104805 -0.118558 0.337774 -4.992131 433.745637 -0.357233 
1 -7.201107 0.053594 -0.085846 0.423160 -8.184225 434.190284 -0.357661 
1 -0.364043 0.050518 -0.044969 0.191476 -4.353067 434.495219 -0.357661 
1 -2.773844 0.076084 -0.009536 0.279039 -6.810270 434.660088 -0.357661 
1 -1.811236 0.061056 -0.055266 0.395310 -4.260163 434.578051 -0.357661 
1 -2.938469 0.037918 -0.005403 0.335451 -6.153539 433.916117 -0.357661 
1 -3.913344 0.104690 -0.076996 0.175199 -6.716270 434.366511 -0.357661 
1 0.396446 0.038493 -0.084338 0.354563 -4.347750 434.341647 -0.357661 
1 -13.126626 0.101478 -0.010800 0.508090 -8.655728 434.077586 -0.357661 
1 -1.509957 0.026700 0.005009 0.200323 -4.890843 434.492001 -0.357661 
1 -6.871945 0.130879 -0.030582 0.396529 -5.559465 434.587278 -0.357661 
1 -14.013654 0.073231 0.042124 0.735860 -4.185017 434.105417 -0.358611 
1 1.095901 0.054690 -0.043209 0.200489 -4.542532 434.476093 -0.358611 
1 -0.879090 0.074258 -0.097859 0.369342 -4.042473 434.476249 -0.358611 
1 0.427776 0.046485 -0.059059 0.342407 -4.023342 434.548438 -0.358611 
1 -5.710290 0.071100 -0.046983 0.400986 -6.845505 434.123468 -0.358611 
1 -8.724354 0.091487 0.019011 0.117087 -4.975181 434.098914 -0.358611 
1 1.454116 0.032888 -0.071456 0.227172 -3.783274 434.410318 -0.358611 
1 -11.016102 0.054653 -0.005780 0.662717 -6.121719 434.810141 -0.358611 
1 -3.263835 0.102593 -0.008776 0.317298 -5.074516 434.691046 -0.358611 
1 -5.417272 0.102564 -0.050915 0.436327 -5.188965 434.764425 -0.358611 
1 -6.026456 0.088843 -0.032938 0.458058 -5.198500 434.330149 -0.360971 
1 -2.779218 0.056256 -0.024205 0.170262 -5.624170 433.967540 -0.360971 
1 -2.178795 0.130724 -0.055974 0.297272 -3.532464 434.525101 -0.360971 
1 -7.618740 0.098012 -0.039803 0.450535 -6.585870 434.506387 -0.360971 
1 -18.801230 0.150155 0.001851 0.908816 -5.885648 434.604861 -0.360971 
1 -8.724354 0.091487 0.019011 0.117087 -4.975181 434.098914 -0.360971 
1 -7.674949 0.133416 -0.032697 0.421835 -5.496762 434.061603 -0.360971 
1 3.671981 0.058523 -0.124250 0.283267 0.371259 433.958193 -0.360971 
1 -12.775558 0.070014 -0.022644 0.720604 -6.818874 435.068377 -0.360971 
1 -4.807259 0.103647 -0.076829 0.496209 -3.670273 434.759171 -0.360971 
1 -0.254771 0.101902 -0.056507 0.264361 -4.433889 434.437890 -0.362670 
1 -14.482040 0.064881 -0.054749 0.724450 -8.466520 434.601839 -0.362670 
1 -1.147312 0.085875 -0.042759 0.361597 -2.905481 434.767086 -0.362670 
1 -0.131914 0.057480 -0.058517 0.275900 -5.898569 434.821046 -0.362670 
1 -1.085999 0.089149 -0.036786 0.292198 -4.837173 434.287700 -0.362670 
1 -0.604228 0.083559 0.028816 0.142754 -5.707944 434.024107 -0.362670 
1 -2.116115 0.131538 -0.020266 0.287215 -2.556996 434.232887 -0.362670 
1 -1.712180 0.054245 -0.082507 0.394166 -4.883152 434.356018 -0.362670 
1 2.917559 -0.012930 -0.073885 0.289103 -1.733603 434.445657 -0.362670 
1 -1.276558 0.055516 -0.019268 0.179462 -5.733352 434.161574 -0.362670 
1 1.295995 -0.040183 -0.080571 0.399313 -3.684878 434.265858 -0.368913 
1 1.710885 0.052259 -0.027864 0.253605 -4.361827 434.374051 -0.368913 
1 -7.821280 -0.001335 -0.010019 0.508450 -7.474093 434.215881 -0.368913 
1 -4.990823 0.166231 -0.011866 0.235839 -4.171257 434.293184 -0.368913 
1 -12.984417 0.074103 0.000575 0.690095 -6.524524 434.427556 -0.368913 
1 -1.198958 0.132167 -0.133293 0.332388 -0.444623 434.233195 -0.368913 
1 1.515525 0.072611 -0.008098 0.177313 -4.495624 434.647480 -0.368913 
1 -1.498111 0.044501 -0.056681 0.352955 -5.658972 434.441541 -0.368913 
1 -12.631812 -0.009349 -0.047526 0.216984 -4.811307 434.421930 -0.368913 
1 -5.504097 -0.083079 -0.035588 0.653065 -4.354650 434.290989 -0.368913 
1 -12.660277 0.106312 -0.041577 0.790286 -4.525066 434.311960 -0.373530 
1 1.714481 0.049908 -0.019033 0.253264 -4.179496 434.427359 -0.373530 
1 1.640350 -0.016350 -0.053106 0.306675 -3.825718 433.808003 -0.373530 
1 0.045656 0.091317 -0.035604 0.271523 -3.931846 433.866497 -0.373530 
1 -3.002867 0.162344 -0.009198 0.247580 0.179242 434.194985 -0.373530 
1 -0.700121 0.100371 -0.036387 0.229411 -5.638040 434.040141 -0.373530 
1 -5.399165 0.060061 -0.025697 0.352804 -7.469752 433.944757 -0.373530 
1 3.889894 0.069575 -0.034214 0.215286 -0.507272 434.463961 -0.373530 
1 -2.457396 0.100498 -0.038104 0.267295 -6.084788 434.215898 -0.373530 
1 3.411190 0.078342 -0.093098 0.211144 -1.311384 434.238103 -0.373530 
1 -10.274224 0.086303 -0.024959 0.672046 -4.374162 434.048333 -0.390582 
1 -1.922495 0.039391 -0.020155 0.205836 -6.967133 434.147538 -0.390582 
1 1.664444 0.045073 -0.056840 0.333050 -2.738652 434.897815 -0.390582 
1 4.038293 0.109873 -0.025245 0.169784 -0.474886 434.406305 -0.390582 
1 -3.754638 -0.010326 -0.042662 0.229268 -4.075693 434.259393 -0.390582 
1 -7.956193 0.058347 -0.034276 0.663384 -2.653808 434.461494 -0.390582 
1 2.457392 0.073311 -0.036602 0.187738 -3.796770 434.190533 -0.390582 
1 -2.387420 -0.061609 0.036456 0.364298 -4.015886 434.309397 -0.390582 
1 -2.944984 0.050959 -0.064970 0.240324 -8.078057 433.883788 -0.390582 
1 -7.698315 0.066826 -0.020216 0.582031 -4.476342 434.627637 -0.390582 
1 -6.311690 0.019139 -0.040575 0.557427 -5.610207 434.306243 -0.436639 
1 -6.371007 0.069518 -0.038678 0.301050 -8.814425 434.130424 -0.436639 
1 1.278143 0.057189 -0.056377 0.309561 -3.648995 434.636941 -0.436639 
1 -0.643117 0.102259 -0.022136 0.164312 -6.511740 434.444405 -0.436639 
1 0.623093 0.104218 -0.012076 0.232028 -3.881739 434.375560 -0.436639 
1 -8.088783 -0.012736 -0.046618 0.358033 -10.272959 434.312361 -0.436639 
1 -6.031368 0.123698 -0.085905 0.526896 -3.184353 433.968260 -0.436639 
1 -5.832284 0.103165 -0.079896 0.578669 -2.062571 434.264199 -0.436639 
1 -12.082836 0.051474 -0.035605 0.413043 -10.413405 433.987668 -0.436639 
1 0.774143 0.024891 -0.020619 0.202359 0.429200 434.036491 -0.436639 
1 -10.462193 0.134384 0.006211 0.567533 -3.803967 434.044109 -0.497298 
1 -7.009456 0.101389 -0.019666 0.408912 -6.167743 434.079065 -0.497298 
1 -0.704364 -0.003631 -0.053393 0.234387 -2.797083 434.352631 -0.497298 
1 -0.136200 0.116174 0.017852 0.108767 -3.861969 434.250600 -0.497298 
1 -1.003224 -0.057525 -0.086087 0.375639 -6.352981 433.992905 -0.497298 
1 1.837419 -0.035532 -0.062825 0.288915 -1.184854 434.550151 -0.497298 
1 -10.329960 -0.011230 -0.089322 0.404465 -10.876237 434.655186 -0.497298 
1 -11.025012 0.161454 0.001668 0.330975 -7.338008 434.095825 -0.497298 
1 -10.410077 0.050004 -0.036107 0.410955 -9.703496 433.987794 -0.497298 
1 -2.698971 0.107759 0.002045 0.284975 -4.507464 434.173295 -0.497298 
1 1.591014 -0.036096 -0.070945 0.337353 -3.968851 434.139700 -0.505289 
1 1.393953 -0.014122 -0.016870 0.283856 -1.698868 433.977447 -0.505289 
1 -1.018195 0.084422 -0.026989 0.182014 -6.962097 434.371121 -0.505289 
1 -1.494917 0.116851 0.019449 0.104488 -3.833420 434.257907 -0.505289 
1 -4.540310 0.023556 -0.062299 0.488110 -5.862885 434.200646 -0.505289 
1 -0.138264 0.056778 0.008562 0.207959 2.315237 433.956766 -0.505289 
1 3.070974 0.072097 -0.016063 0.220385 -1.989888 434.194436 -0.505289 
1 3.985844 0.077667 -0.040756 0.208634 -1.316240 434.564353 -0.505289 
1 -2.933042 0.088727 -0.037860 0.386701 -4.014674 434.564734 -0.505289 
1 -5.398614 0.112376 -0.060194 0.326483 -6.563826 434.217254 -0.505289 
1 1.237224 -0.043250 -0.062353 0.302333 -3.213800 433.999597 -0.518384 
1 1.119623 0.106389 -0.017257 0.163857 -5.360232 434.090105 -0.518384 
1 -2.792898 0.065350 -0.059076 0.293895 -7.126900 434.247479 -0.518384 
1 -0.015176 0.067348 -0.016284 0.273749 -4.780345 434.190201 -0.518384 
1 0.911849 0.011996 -0.011668 0.221783 -2.192347 433.974881 -0.518384 
1 3.631748 0.069140 -0.042736 0.239093 -0.147639 434.555978 -0.518384 
1 0.598575 -0.015985 -0.034509 0.259292 -3.510055 433.937442 -0.518384 
1 -3.157057 0.022311 -0.079238 0.461978 -5.638486 434.460250 -0.518384 
1 -0.888157 0.002221 -0.043882 0.401337 -4.663255 434.493869 -0.518384 
1 -8.915626 0.056621 -0.095681 0.386563 -9.356705 434.097506 -0.518384 
1 3.238492 0.097896 -0.039038 0.180990 -2.732120 434.485812 -0.539706 
1 1.944451 0.029784 -0.093952 0.273467 -4.195723 435.160094 -0.539706 
1 1.588768 0.058280 0.013763 0.235641 -2.806062 434.461589 -0.539706 
1 -0.474178 0.116957 0.034697 0.185871 -5.351989 434.816601 -0.539706 
1 -0.719054 0.128926 -0.026465 0.280847 -1.199485 434.755639 -0.539706 
1 1.868754 0.038187 -0.043524 0.284558 -3.823509 434.226087 -0.539706 
1 2.051078 0.003085 -0.048203 0.273682 -3.480732 433.675523 -0.539706 
1 -8.302580 0.129518 -0.037703 0.494021 -5.372904 434.634156 -0.539706 
1 -5.692123 0.079518 -0.010408 0.320561 -7.396313 433.747671 -0.539706 
1 -9.068545 0.133880 -0.030896 0.488499 -5.783454 434.537826 -0.539706 
1 -0.470575 0.029555 -0.025148 0.259363 -6.469561 434.564741 -0.563825 
1 0.190297 0.011310 0.006112 0.256251 -4.704125 434.123725 -0.563825 
1 -3.296040 0.011299 -0.030308 0.200229 -0.156846 434.552548 -0.563825 
1 3.379802 0.089989 -0.037498 0.224486 -0.941048 434.390886 -0.563825 
1 -3.559429 0.089046 -0.047646 0.341466 -5.949956 434.504278 -0.563825 
1 1.412128 0.036987 -0.035189 0.247464 -4.946330 434.280397 -0.563825 
1 2.060952 0.005247 -0.047531 0.271310 -3.495105 433.640838 -0.563825 
1 -1.875845 0.080709 -0.059288 0.334636 -5.129851 434.311815 -0.563825 
1 -2.070469 0.091620 -0.025482 0.294490 -5.551242 434.706807 -0.563825 
1 -11.838970 0.100883 -0.045595 0.388695 -9.586094 434.247768 -0.563825 
1 -2.543329 0.107524 -0.049834 0.240839 -6.357912 434.362304 -0.579485 
1 -5.684234 0.023018 -0.046393 0.546457 -5.323303 434.343801 -0.579485 
1 -0.368100 0.045135 -0.076135 0.227924 -6.128487 434.142840 -0.579485 
1 2.158619 0.010756 -0.023012 0.282370 -2.283057 434.321543 -0.579485 
1 1.194960 0.014609 -0.103666 0.390278 -3.540306 434.585763 -0.579485 
1 1.951886 0.037565 -0.010877 0.270808 -2.403138 434.408382 -0.579485 
1 0.024710 -0.059354 -0.023939 0.348012 -4.234457 434.146540 -0.579485 
1 -6.041891 0.075701 -0.014706 0.391037 -6.655586 434.334910 -0.579485 
1 -1.861192 0.063884 -0.019470 0.220761 -7.596772 434.246421 -0.579485 
1 1.641480 0.055630 -0.030679 0.275629 0.447418 433.897876 -0.579485 
1 -3.540446 0.095127 -0.055799 0.255387 -7.222575 434.345038 -0.606524 
1 -0.315238 0.081480 -0.023241 0.182377 -6.441343 434.613179 -0.606524 
1 -1.200282 0.055885 0.043356 0.157797 -0.611429 433.886457 -0.606524 
1 -1.958506 0.025732 0.014860 0.336545 -4.295996 433.967319 -0.606524 
1 -3.413132 0.063338 0.008742 0.335953 -5.961357 434.947514 -0.606524 
1 -1.568033 0.103303 -0.047569 0.271133 -5.236012 434.226455 -0.606524 
1 1.782863 0.055002 -0.026280 0.278545 -3.529285 434.839668 -0.606524 
1 2.332948 0.011680 -0.056309 0.312608 0.626134 434.177471 -0.606524 
1 -0.698694 0.073427 -0.087111 0.350579 -4.088464 433.963964 -0.606524 
1 -7.021790 0.094900 -0.028222 0.363830 -7.316223 433.988436 -0.606524 
1 -5.480710 0.117553 -0.047784 0.330394 -6.121437 433.706668 -0.619900 
1 -1.808266 0.067057 -0.009388 0.238898 -7.262379 434.619447 -0.619900 
1 1.717917 0.134015 -0.027572 0.138460 -1.662963 434.853100 -0.619900 
1 -0.143001 0.021566 -0.096477 0.244795 -5.549902 433.807660 -0.619900 
1 1.508762 0.041229 -0.024595 0.263321 -4.454909 434.432782 -0.619900 
1 -8.221881 -0.020163 -0.050202 0.244730 -8.040827 434.219201 -0.619900 
1 1.236227 0.065546 -0.014047 0.275259 -0.183658 434.281235 -0.619900 
1 1.041296 0.063687 -0.044699 0.248965 -5.227264 434.769754 -0.619900 
1 3.415834 0.076441 -0.054903 0.201276 -2.334517 434.615098 -0.619900 
1 -0.105409 0.127221 -0.056331 0.215862 -3.507218 433.727054 -0.619900 
1 3.421073 0.070326 -0.069786 0.242112 -2.180984 434.120009 -0.614444 
1 0.873359 -0.008022 -0.023031 0.353959 -3.184274 434.790075 -0.614444 
1 2.586983 0.045918 -0.063869 0.250019 -3.824277 434.355210 -0.614444 
1 0.685730 0.048500 -0.017117 0.304964 -0.432154 434.119684 -0.614444 
1 2.553897 0.090997 -0.066057 0.273781 -0.178389 434.831941 -0.614444 
1 -3.201790 -0.011790 -0.045858 0.280226 -7.889850 434.183940 -0.614444 
1 -1.495959 -0.051641 -0.040076 0.268879 -1.682133 434.379198 -0.614444 
1 2.296722 0.045283 -0.031436 0.200491 -2.490789 434.023029 -0.614444 
1 -5.256761 0.108464 -0.096733 0.378115 -6.088149 434.804797 -0.614444 
1 0.616271 0.067517 -0.098626 0.230513 -5.134552 433.867052 -0.614444 
1 -1.867187 0.144662 -0.041859 0.288279 -1.214042 434.413713 -0.597804 
1 -0.244760 0.122382 -0.002895 0.251851 -0.895802 434.537185 -0.597804 
1 1.426928 0.023071 -0.065992 0.283365 -4.777936 433.545068 -0.597804 
1 1.254275 0.008262 -0.030299 0.241472 -3.638275 433.974534 -0.597804 
1 2.579570 0.062417 -0.058601 0.299160 -0.853555 434.708062 -0.597804 
1 -5.248700 0.078274 -0.000988 0.287123 -7.900867 434.266388 -0.597804 
1 3.897115 0.067559 -0.068627 0.212034 1.145122 433.989287 -0.597804 
1 2.288811 0.070114 -0.087685 0.214108 -3.068600 434.676730 -0.597804 
1 2.424440 0.077031 -0.041958 0.258720 -1.849797 434.022584 -0.597804 
1 2.433788 0.137727 -0.024217 0.151359 -1.338133 434.392007 -0.597804 
1 1.571616 0.044914 -0.085613 0.271550 -4.700251 434.127997 -0.560108 
1 3.897115 0.067559 -0.068627 0.212034 1.145122 433.989287 -0.560108 
1 1.499374 0.015334 -0.008247 0.237706 0.453009 434.585244 -0.560108 
1 2.414984 0.092426 -0.066462 0.188878 -3.012159 434.480575 -0.560108 
1 -2.375032 0.084218 -0.059657 0.264011 -6.810140 434.920848 -0.560108 
1 -0.027186 0.109951 -0.068582 0.302375 -0.404819 433.456615 -0.560108 
1 3.247085 0.066584 -0.078274 0.266554 0.755886 433.908842 -0.560108 
1 2.296298 0.070563 -0.086173 0.212414 -3.059872 434.662389 -0.560108 
1 3.530283 0.084251 -0.095526 0.237548 1.357169 434.062764 -0.560108 
1 1.229089 0.135918 -0.064916 0.209880 0.726682 433.977702 -0.560108 
1 1.660269 0.059565 -0.060139 0.250943 -4.645499 434.075257 -0.545303 
1 2.230734 0.080003 -0.054700 0.270345 -2.102920 434.171482 -0.545303 
1 2.011756 0.018451 -0.013166 0.230794 -0.650406 434.835087 -0.545303 
1 -7.148918 0.164196 -0.049748 0.296681 -5.444098 434.493870 -0.545303 
1 2.029055 0.042098 -0.009038 0.258170 -2.511479 434.262266 -0.545303 
1 0.786028 0.094173 -0.063163 0.306852 -0.620216 433.942019 -0.545303 
1 0.619694 0.004972 -0.036292 0.357534 -3.712390 434.490624 -0.545303 
1 0.442344 0.070586 0.014036 0.192088 -5.736094 434.143548 -0.545303 
1 1.721586 0.006097 -0.038680 0.279619 -4.141580 434.598843 -0.545303 
1 1.636008 0.062255 -0.088502 0.258830 -4.396476 434.127018 -0.545303 
1 3.732880 0.111326 -0.008128 0.157283 -2.194306 434.328153 -0.535565 
1 0.061512 0.035991 0.033121 0.249459 -2.603014 434.277100 -0.535565 
1 -0.301122 0.012582 -0.010199 0.293848 -5.645522 434.488175 -0.535565 
1 2.785734 0.098850 -0.005568 0.202606 -0.506104 434.213985 -0.535565 
1 -2.453439 -0.077094 0.044185 0.333676 -3.162580 434.601842 -0.535565 
1 -1.601307 0.152658 -0.015689 0.188491 -3.273764 433.788357 -0.535565 
1 1.662294 0.001028 -0.030320 0.338866 -1.848937 434.711848 -0.535565 
1 1.565930 0.092285 -0.096960 0.306300 -0.592213 434.006297 -0.535565 
1 1.441122 0.010878 -0.033533 0.275973 -4.514430 434.636578 -0.535565 
1 -2.360961 0.060835 -0.025022 0.291922 -6.807499 434.421733 -0.535565 
1 -0.046541 0.111319 -0.022877 0.123216 0.250847 434.259142 -0.498830 
1 2.889692 0.092751 0.006281 0.170824 -2.569742 433.588214 -0.498830 
1 3.971419 0.046609 -0.086111 0.263677 -1.017281 434.437146 -0.498830 
1 2.621999 0.113690 -0.005813 0.123385 -2.640831 433.763746 -0.498830 
1 3.753044 0.062408 -0.040491 0.214426 -1.657819 434.203884 -0.498830 
1 2.821151 0.082294 -0.000623 0.195334 -3.000215 434.200166 -0.498830 
1 2.174694 0.056475 -0.076332 0.325462 -1.842291 434.676789 -0.498830 
1 -1.069327 0.057161 -0.043831 0.170597 -0.518123 434.287662 -0.498830 
1 1.476617 0.011882 -0.032351 0.271860 -4.462030 434.622583 -0.498830 
1 -2.319090 0.053984 -0.103151 0.462746 -4.346124 434.870358 -0.498830 
1 -7.375225 0.195456 -0.015125 0.315485 -1.676742 433.952499 -0.507598 
1 -2.748090 0.035370 -0.022434 0.197321 -6.119706 434.445014 -0.507598 
1 3.836281 0.042780 -0.085622 0.271573 -1.393413 434.458639 -0.507598 
1 1.776172 0.077076 0.017666 0.157887 -3.221175 434.308139 -0.507598 
1 3.315976 0.041463 -0.070698 0.221312 -1.170699 434.098142 -0.507598 
1 2.460710 0.078074 -0.020357 0.165572 -2.562033 434.213158 -0.507598 
1 -0.321093 0.059099 0.013901 0.294360 -2.001669 434.440156 -0.507598 
1 0.771344 0.048725 -0.036613 0.205763 -5.023987 434.366952 -0.507598 
1 0.971986 0.005614 -0.034822 0.303598 -4.436403 433.866059 -0.507598 
1 -6.025969 0.125637 -0.025682 0.404338 -4.660402 434.438196 -0.507598 
1 1.689337 0.005716 -0.069008 0.244680 -1.240192 434.925391 -0.493602 
1 -2.208287 0.084551 -0.097073 0.351295 -5.188245 434.572585 -0.493602 
1 0.671649 0.068830 0.011221 0.239873 -1.974562 433.650955 -0.493602 
1 1.980290 0.077941 0.017025 0.160065 -3.288538 434.315643 -0.493602 
1 3.074030 0.065387 -0.039767 0.219953 -3.235186 434.229293 -0.493602 
1 2.467833 0.070876 -0.018616 0.173665 -2.667647 434.230117 -0.493602 
1 -0.266181 0.073138 0.009502 0.273848 -2.084348 433.956475 -0.493602 
1 0.771344 0.048725 -0.036613 0.205763 -5.023987 434.366952 -0.493602 
1 1.902627 0.019893 -0.036823 0.312987 -3.300517 434.839373 -0.493602 
1 -2.213853 0.108868 -0.058878 0.142129 -4.559164 434.217765 -0.493602 
1 0.221621 0.003737 0.008590 0.301039 -3.169150 434.191822 -0.467290 
1 1.112217 0.049647 -0.024476 0.249390 -5.195463 434.693846 -0.467290 
1 0.646646 0.068836 0.011351 0.240154 -1.972713 433.644918 -0.467290 
1 3.778946 0.033833 -0.072658 0.245867 -0.781700 433.734107 -0.467290 
1 1.742416 0.062805 -0.050949 0.241527 -4.671033 434.368849 -0.467290 
1 0.333520 0.085318 -0.028274 0.272826 -4.315755 434.780815 -0.467290 
1 -0.290684 0.066166 0.009701 0.280545 -1.919110 433.973000 -0.467290 
1 0.752824 0.039985 -0.079234 0.267466 -5.517187 434.343620 -0.467290 
1 0.556409 0.010072 -0.039089 0.241461 -4.682888 434.076923 -0.467290 
1 3.163405 0.032837 -0.034482 0.239624 -1.087772 434.194455 -0.467290 
1 3.024826 0.037965 -0.025247 0.248174 -0.864331 434.430059 -0.457560 
1 0.774821 0.024103 0.011677 0.218415 -3.223979 434.126064 -0.457560 
1 1.382602 0.113888 -0.049637 0.190437 -3.598543 435.039847 -0.457560 
1 1.897968 0.022442 -0.011225 0.274382 -2.206326 434.310392 -0.457560 
1 0.541667 0.050955 -0.060938 0.232841 -5.835829 433.955186 -0.457560 
1 -8.429294 0.053860 -0.048380 0.484211 -7.828140 434.332047 -0.457560 
1 2.030781 0.036046 -0.013858 0.255099 -1.063708 433.831351 -0.457560 
1 1.615020 0.057541 -0.036568 0.260329 2.066065 434.173112 -0.457560 
1 -1.378622 0.062684 -0.018430 0.304502 -5.518138 434.422441 -0.457560 
1 1.768302 0.016474 -0.037003 0.331044 -1.902995 434.492016 -0.457560 
1 -1.414598 0.062310 -0.067194 0.270145 -6.715431 434.532286 -0.430486 
1 -0.168568 0.083513 -0.081650 0.365995 -2.449311 434.639999 -0.430486 
1 1.532228 0.105614 -0.028293 0.244737 -1.991985 434.404202 -0.430486 
1 0.305787 0.058046 -0.089636 0.375099 -2.658204 433.916170 -0.430486 
1 3.693179 0.088183 -0.012969 0.188959 -2.028608 434.517764 -0.430486 
1 1.214614 0.100138 0.010598 0.228563 -2.154415 434.612488 -0.430486 
1 3.178014 0.050879 -0.026507 0.233168 -2.444061 434.523609 -0.430486 
1 2.198670 -0.020850 -0.048301 0.319983 -1.376413 433.931637 -0.430486 
1 2.593782 0.067504 -0.083340 0.204653 -2.092865 434.605145 -0.430486 
1 -0.384770 0.071685 -0.050372 0.336855 -3.668573 434.285412 -0.430486 
1 -0.446255 0.115139 -0.060596 0.205184 -4.914260 433.800758 -0.411045 
1 2.605948 0.064082 -0.027331 0.246459 -2.979784 434.446620 -0.411045 
1 -0.441641 0.129044 -0.022084 0.240350 -2.788274 434.236017 -0.411045 
1 -5.330301 0.056664 -0.077125 0.511343 -5.382090 434.039063 -0.411045 
1 1.461152 -0.034017 -0.053312 0.314945 -3.641880 433.942573 -0.411045 
1 2.762285 0.098351 0.022197 0.169412 -2.904809 434.375719 -0.411045 
1 1.460109 0.099129 -0.053531 0.261795 -2.600888 434.401382 -0.411045 
1 1.750021 0.006681 -0.029184 0.237135 -0.412332 434.603531 -0.411045 
1 1.949475 0.057875 -0.020672 0.250070 -3.375306 433.944971 -0.411045 
1 3.208653 0.031177 -0.040667 0.238368 -1.437287 434.174469 -0.411045 
1 -0.054214 0.108125 -0.064499 0.209679 -4.904742 433.900464 -0.384199 
1 -0.170275 0.037288 -0.068408 0.385673 -3.860196 434.512443 -0.384199 
1 0.364821 0.010690 -0.020860 0.327031 -4.029639 434.084333 -0.384199 
1 1.167071 0.079063 0.021760 0.215612 -3.278278 434.229605 -0.384199 
1 1.058388 -0.000327 -0.057533 0.335197 -4.399721 434.014982 -0.384199 
1 1.779064 0.039809 -0.011376 0.209286 -3.443924 434.355816 -0.384199 
1 3.035517 0.006971 -0.078915 0.275490 1.505615 434.211425 -0.384199 
1 3.652965 0.035098 -0.052182 0.249965 -0.908860 434.457490 -0.384199 
1 1.119490 0.071097 -0.117473 0.342594 -2.724736 434.795093 -0.384199 
1 1.533191 -0.057141 -0.060196 0.321687 -2.419807 434.099018 -0.384199 
1 0.860651 0.077122 -0.049521 0.251062 -4.760823 433.854846 -0.338207 
1 3.561494 0.065888 -0.037397 0.196948 -1.847891 434.111687 -0.338207 
1 0.836661 0.082313 -0.050938 0.249688 -4.751217 434.320051 -0.338207 
1 3.651542 0.039240 -0.073588 0.251496 -1.987840 434.238935 -0.338207 
1 3.757573 0.052227 -0.037665 0.236159 -0.639905 434.790143 -0.338207 
1 -1.435367 0.050767 -0.077099 0.200451 -5.676627 434.077339 -0.338207 
1 1.589171 0.011405 -0.014647 0.275940 -3.725491 434.630907 -0.338207 
1 3.721655 0.051920 -0.096420 0.273804 -1.434804 434.490582 -0.338207 
1 2.994646 0.095109 -0.021080 0.191377 -2.802326 433.624052 -0.338207 
1 1.473065 0.076832 -0.073702 0.324259 -0.536339 434.327736 -0.338207 
1 0.751753 0.102444 -0.049688 0.183229 -4.983578 434.302287 -0.321102 
1 3.423477 0.076268 -0.024096 0.174667 -1.311445 434.117335 -0.321102 
1 2.419670 -0.029301 -0.057392 0.299808 -0.446446 434.463327 -0.321102 
1 1.331555 -0.009880 -0.028235 0.333738 -2.033062 434.081832 -0.321102 
1 1.735259 0.103590 -0.045308 0.258720 -0.943747 434.329323 -0.321102 
1 -3.316829 0.023324 -0.131305 0.587269 -3.756723 434.419472 -0.321102 
1 1.541383 0.009834 -0.011578 0.267612 -3.648310 434.603926 -0.321102 
1 1.352906 0.052672 0.006381 0.175716 -1.462582 433.748721 -0.321102 
1 2.491732 0.044185 -0.009384 0.209279 -2.333174 434.373393 -0.321102 
1 -2.047072 -0.007887 0.001987 0.254757 -6.400129 433.985228 -0.321102 
1 -1.879674 0.134617 -0.095611 0.337615 -1.571853 434.179276 -0.291296 
1 2.379621 0.106796 -0.057830 0.210966 -2.604326 434.111723 -0.291296 
1 1.927732 0.062533 -0.029440 0.271075 -3.233630 434.591850 -0.291296 
1 0.968400 0.043805 -0.040387 0.315055 -3.830934 434.461183 -0.291296 
1 3.248121 0.049494 -0.044986 0.218841 -2.404194 434.361381 -0.291296 
1 -0.048534 0.022018 -0.086807 0.282589 -6.105647 434.466522 -0.291296 
1 1.172861 0.053468 0.028456 0.220218 -2.884125 434.432213 -0.291296 
1 1.852390 0.060812 -0.078069 0.200137 -1.505942 434.904109 -0.291296 
1 2.771209 0.052175 -0.013436 0.207983 -2.719846 434.437557 -0.291296 
1 3.119945 0.036422 -0.072654 0.287304 -1.850756 433.664845 -0.291296 
1 1.138735 0.037545 -0.034307 0.274927 -4.633165 433.895931 -0.259572 
1 3.144582 0.043992 -0.047031 0.211873 -1.158878 434.189110 -0.259572 
1 -1.854963 0.088734 0.030431 0.257730 -0.082067 434.070199 -0.259572 
1 2.344167 0.024907 -0.014015 0.239449 -0.676171 434.341864 -0.259572 
1 0.359925 0.064294 -0.028133 0.172398 -3.052430 434.548937 -0.259572 
1 -0.034804 0.021942 -0.082108 0.284210 -6.122919 434.460438 -0.259572 
1 1.835903 0.004799 -0.113531 0.296380 -4.240858 434.515448 -0.259572 
1 3.360278 0.063603 -0.077107 0.203669 -1.438391 434.024341 -0.259572 
1 2.920929 0.099381 -0.042460 0.223198 -1.995184 434.606767 -0.259572 
1 3.288967 0.035423 -0.081173 0.227433 -0.689475 434.043331 -0.259572 
1 0.409726 0.073251 -0.072395 0.328778 -3.652235 434.785027 -0.223614 
1 3.497442 0.043192 -0.052769 0.256029 -1.790958 434.255350 -0.223614 
1 2.678153 0.041796 -0.065391 0.299565 -2.217582 434.129888 -0.223614 
1 1.612293 0.037384 -0.055540 0.267334 -4.736968 434.157468 -0.223614 
1 2.624677 0.003195 -0.075413 0.264362 -2.532126 434.086363 -0.223614 
1 1.829177 0.019612 -0.037843 0.306498 0.461629 434.282657 -0.223614 
1 -0.994158 0.022728 0.022333 0.294985 -4.385928 434.135085 -0.223614 
1 3.010566 0.085220 -0.120493 0.270727 1.140130 434.814766 -0.223614 
1 -0.096911 -0.004809 0.002872 0.332811 -3.690194 434.481879 -0.223614 
1 3.633843 0.028912 -0.073873 0.242704 -0.226817 433.750788 -0.223614 
1 -1.982389 0.013078 -0.093486 0.396682 -6.257745 434.245487 -0.195474 
1 3.063274 0.044451 -0.055654 0.218022 1.497051 434.423288 -0.195474 
1 1.250462 -0.011335 -0.028140 0.341746 0.219813 434.812812 -0.195474 
1 2.473984 0.006145 -0.071876 0.287055 -3.551634 434.142699 -0.195474 
1 -1.147549 -0.040003 -0.010983 0.392745 -4.581103 434.261536 -0.195474 
1 2.446116 0.008867 -0.030022 0.260236 -1.060959 434.122520 -0.195474 
1 2.785159 0.068797 -0.013823 0.184725 -2.748928 434.724256 -0.195474 
1 2.495512 0.033254 -0.086202 0.321850 -2.644788 434.103973 -0.195474 
1 1.379851 0.010016 -0.032036 0.349191 -0.417263 434.911528 -0.195474 
1 1.577712 0.022965 -0.019291 0.301284 -3.063243 434.584001 -0.195474 
1 1.220901 -0.013378 -0.047561 0.305123 -4.551022 434.595713 -0.152596 
1 -1.531697 0.068321 -0.035583 0.269473 -6.488886 433.970241 -0.152596 
1 1.323263 -0.001073 -0.027156 0.338596 -0.252145 434.685899 -0.152596 
1 1.546052 0.011857 -0.042797 0.249830 2.282088 434.378171 -0.152596 
1 3.297531 0.091865 -0.020902 0.160689 -1.864811 434.443871 -0.152596 
1 2.393229 0.062686 -0.018847 0.197150 -3.715116 434.670469 -0.152596 
1 2.550725 0.044465 -0.031063 0.240960 -3.549703 434.300131 -0.152596 
1 3.797391 0.097263 -0.067648 0.187502 -0.747312 433.852474 -0.152596 
1 3.482001 0.129801 -0.016389 0.153554 -0.587615 434.596541 -0.152596 
1 3.080567 0.060297 -0.026200 0.188839 -1.546705 433.974345 -0.152596 
1 1.008267 0.006904 -0.045555 0.272053 -4.981066 434.759307 -0.108605 
1 1.981742 0.068223 -0.071088 0.265244 -3.623153 433.733159 -0.108605 
1 3.242449 0.036047 -0.112062 0.280250 -2.632764 434.010756 -0.108605 
1 2.398018 0.001764 -0.037500 0.283765 0.153647 434.436022 -0.108605 
1 2.882289 0.050990 -0.002591 0.225821 -2.256854 434.969883 -0.108605 
1 2.916739 0.018333 -0.059838 0.298642 -2.566460 434.548563 -0.108605 
1 2.041459 -0.002625 -0.133641 0.362392 -3.767201 434.436448 -0.108605 
1 2.862559 0.058576 -0.098192 0.209253 -1.301543 434.005656 -0.108605 
1 1.283179 -0.001392 -0.080850 0.374384 -3.884049 434.534362 -0.108605 
1 1.252987 0.098132 -0.002026 0.201915 -4.476885 434.151549 -0.108605 
1 3.559256 0.050896 -0.072610 0.225262 -1.101778 434.883032 -0.065022 
1 2.925692 0.098411 -0.050732 0.225477 -1.498445 433.994315 -0.065022 
1 2.463969 0.114506 -0.033880 0.202881 -2.291284 434.447647 -0.065022 
1 0.609088 0.065637 -0.051010 0.289506 -4.526736 434.328776 -0.065022 
1 1.587981 -0.046347 -0.086106 0.323005 -3.575272 434.309987 -0.065022 
1 1.836332 -0.027226 -0.047333 0.322174 -1.626756 433.462945 -0.065022 
1 2.774884 0.000908 -0.127026 0.344445 -3.019309 434.249312 -0.065022 
1 3.484032 0.114500 -0.054366 0.168023 1.209047 434.132537 -0.065022 
1 0.976897 -0.004898 -0.091747 0.392194 -4.070287 434.504562 -0.065022 
1 0.258052 0.031204 -0.033902 0.282635 -5.526038 434.017875 -0.065022 
1 3.333164 0.106680 -0.060976 0.193896 1.658394 433.716201 -0.010025 
1 3.160999 0.044096 -0.062895 0.224636 -2.537580 434.000137 -0.010025 
1 2.892901 0.106967 -0.071327 0.224667 0.701454 433.993174 -0.010025 
1 1.286323 0.043616 -0.011554 0.246800 -4.413434 433.958942 -0.010025 
1 2.374361 0.068785 0.013758 0.197152 -2.646334 434.255303 -0.010025 
1 3.893271 0.067122 -0.058828 0.221877 -1.611884 434.189412 -0.010025 
1 2.597838 0.063310 -0.086210 0.212329 -2.881661 434.216138 -0.010025 
1 2.464196 -0.013806 -0.075866 0.271679 -0.860349 434.429505 -0.010025 
1 0.971905 -0.032274 -0.074901 0.337890 -4.873595 434.563257 -0.010025 
1 2.558815 0.062788 0.005257 0.183124 -1.077248 434.169611 -0.010025 
1 1.082027 0.030062 -0.132257 0.317835 -4.660125 433.957953 0.034745 
1 0.754009 0.065123 -0.076558 0.191601 -3.169948 434.558342 0.034745 
1 1.072474 0.051205 -0.057501 0.258548 -5.262792 434.434328 0.034745 
1 0.872280 0.055891 -0.033315 0.245517 -5.292848 433.833701 0.034745 
1 1.045374 0.070732 -0.103104 0.195360 -2.639948 434.192459 0.034745 
1 3.485157 0.012988 -0.096043 0.311098 -0.889169 433.619939 0.034745 
1 3.884912 0.079727 -0.057270 0.192193 -0.910481 434.241620 0.034745 
1 2.592793 -0.011014 -0.071896 0.270010 -0.270336 434.459884 0.034745 
1 2.772609 0.075583 -0.008712 0.179910 -3.381430 434.180820 0.034745 
1 0.265796 0.071625 -0.057240 0.197036 -5.350873 434.747351 0.034745 
1 1.816569 0.044743 -0.010293 0.197705 -3.019297 434.071788 0.084907 
1 1.841681 -0.018330 -0.060900 0.286312 -3.318077 434.039094 0.084907 
1 4.100198 0.056496 -0.079888 0.246282 0.031675 434.396730 0.084907 
1 2.689322 0.092198 -0.042664 0.191025 -3.678870 433.989275 0.084907 
1 0.952735 -0.058568 -0.034851 0.384153 -3.203863 434.930831 0.084907 
1 1.425116 -0.032187 -0.050674 0.382720 -2.571820 434.516750 0.084907 
1 2.540613 0.068325 -0.055063 0.279898 -1.326833 434.149107 0.084907 
1 3.444473 0.003369 -0.106780 0.276445 -0.861720 434.425011 0.084907 
1 0.375218 0.035727 0.028234 0.197301 -2.594346 434.223138 0.084907 
1 -0.875704 0.055989 -0.054468 0.359059 -4.753475 435.043895 0.084907 
1 1.768463 0.014262 -0.022904 0.279184 -3.387329 434.147150 0.121552 
1 0.599890 0.108103 0.001140 0.220405 -3.300616 434.038687 0.121552 
1 0.645990 0.026545 -0.115768 0.403027 -3.495431 434.276469 0.121552 
1 2.444405 0.103734 -0.047466 0.190549 -3.411965 433.995467 0.121552 
1 0.539044 -0.018185 -0.038151 0.397244 -3.465662 435.104482 0.121552 
1 0.583616 0.083431 -0.005178 0.236584 -4.858394 434.618976 0.121552 
1 -0.642858 -0.006220 -0.058850 0.391807 -5.041787 434.040553 0.121552 
1 2.174947 0.075460 0.003741 0.174366 -3.924730 434.397907 0.121552 
1 2.622955 0.046081 -0.066911 0.281204 -3.212991 434.309569 0.121552 
1 3.034233 0.060120 -0.051937 0.274695 -1.206451 434.460961 0.121552 
1 3.249081 0.103825 -0.027210 0.179902 -2.795816 434.503270 0.192895 
1 2.198048 0.068368 0.000262 0.193574 -4.068036 434.448435 0.192895 
1 0.233050 0.022750 -0.090440 0.408408 -3.540781 434.301615 0.192895 
1 3.467448 0.088435 -0.053616 0.199420 -2.442497 433.957438 0.192895 
1 0.316886 -0.004719 -0.041790 0.378910 -4.067043 434.719001 0.192895 
1 1.910816 0.105513 -0.026562 0.199331 -3.826504 434.150145 0.192895 
1 1.904357 0.049678 -0.090869 0.241516 -4.053445 434.747239 0.192895 
1 2.374574 0.053081 -0.053111 0.254240 -3.881336 434.190812 0.192895 
1 3.625200 0.033484 -0.070402 0.248173 -1.679317 434.267074 0.192895 
1 2.329108 0.100253 -0.101319 0.236407 -1.580839 434.238422 0.192895 
1 2.740020 0.070638 -0.016239 0.184639 -3.097310 434.608754 0.276663 
1 2.309931 -0.035811 -0.063930 0.306300 -1.796196 434.545988 0.276663 
1 3.344296 0.069048 -0.015506 0.211878 -1.286351 434.183620 0.276663 
1 3.602682 0.003440 -0.087748 0.286690 -0.791942 433.960906 0.276663 
1 -0.668148 0.015533 -0.036031 0.363390 -4.509847 433.820458 0.276663 
1 3.377045 0.041184 -0.042176 0.242143 -1.967736 434.248616 0.276663 
1 1.145998 0.131995 -0.028195 0.177273 -3.228798 434.344088 0.276663 
1 2.898852 0.023262 -0.083744 0.286063 -3.261772 434.756435 0.276663 
1 3.729235 0.041629 -0.072247 0.242035 -1.667160 434.246113 0.276663 
1 3.876901 0.071947 -0.083308 0.207898 0.314199 434.188693 0.276663 
1 3.631341 0.055911 -0.028773 0.226860 -1.254056 434.674696 0.371673 
1 1.688007 0.113378 -0.016522 0.216642 -2.773016 434.628736 0.371673 
1 1.785376 -0.040078 -0.078237 0.296736 -1.927891 434.433986 0.371673 
1 3.021069 0.020058 -0.083317 0.288331 -3.047033 434.588227 0.371673 
1 2.026736 0.022136 -0.013962 0.225509 -0.909468 434.414705 0.371673 
1 3.719459 0.042363 -0.066143 0.280478 -0.599219 434.904310 0.371673 
1 2.908903 0.025635 -0.052247 0.282095 -2.215823 434.002662 0.371673 
1 3.013673 0.111328 0.001705 0.179471 -1.421460 434.158169 0.371673 
1 2.880181 0.050006 -0.038862 0.245360 -3.009503 434.102827 0.371673 
1 3.949752 0.061391 -0.088628 0.219843 0.163509 434.107910 0.371673 
1 2.549036 0.114461 -0.041083 0.216438 -1.417288 434.684764 0.483876 
1 1.335495 0.040123 -0.093256 0.386554 -1.975004 434.725980 0.483876 
1 1.935283 0.050826 0.020987 0.205839 -1.477661 434.652838 0.483876 
1 4.084125 0.041974 -0.115189 0.268326 0.556662 434.107634 0.483876 
1 -0.936002 0.012063 0.019821 0.322344 -3.042942 434.180924 0.483876 
1 3.024025 0.080502 -0.029346 0.169768 0.932722 434.561486 0.483876 
1 2.774598 0.029228 -0.045177 0.279012 -2.201068 434.007488 0.483876 
1 2.457082 0.056131 -0.023286 0.208845 -3.723116 434.618512 0.483876 
1 1.925017 0.020499 -0.034713 0.254569 -4.010936 434.485018 0.483876 
1 3.961678 0.087997 -0.058408 0.195608 1.084533 434.251986 0.483876 
1 2.277772 0.010990 -0.029834 0.300268 -2.529628 434.742836 0.591122 
1 3.663929 0.065428 -0.071883 0.205081 1.452992 433.875785 0.591122 
1 2.001681 0.030860 -0.058214 0.309645 -3.472229 434.394118 0.591122 
1 3.958687 0.043883 -0.080491 0.261110 -0.018508 434.131714 0.591122 
1 0.745770 0.067741 -0.031654 0.287129 -3.812486 434.244386 0.591122 
1 2.374926 0.062773 -0.055028 0.240103 -3.990207 434.137160 0.591122 
1 0.972402 0.007193 -0.038651 0.354973 -3.554402 434.792077 0.591122 
1 1.911560 0.100950 -0.040855 0.178735 -4.039974 434.723061 0.591122 
1 2.489469 0.067969 0.016812 0.195409 -2.300126 434.489685 0.591122 
1 3.382681 0.088785 -0.064250 0.216824 -2.075461 434.470032 0.591122 
1 1.459184 0.041280 -0.045183 0.261356 -4.794406 433.964969 0.681922 
1 -0.980374 0.073548 -0.051847 0.207275 -6.799817 434.297986 0.681922 
1 2.194611 0.027284 -0.058152 0.300227 -3.581241 434.407941 0.681922 
1 4.067060 0.058126 -0.086758 0.239835 -0.760573 434.077211 0.681922 
1 1.293924 0.067423 -0.037116 0.278863 -3.415156 434.025090 0.681922 
1 0.788323 0.054997 -0.050974 0.306385 -3.998772 434.021083 0.681922 
1 -1.106308 0.071397 0.027407 0.258423 -3.621420 433.885367 0.681922 
1 3.017466 0.084506 -0.033035 0.194963 -3.414505 433.947904 0.681922 
1 3.196648 0.053483 -0.078689 0.288314 -1.708177 434.412867 0.681922 
1 3.431474 0.057332 -0.069005 0.268738 -1.729321 434.439335 0.681922 
