#REFERENCE 3 24.1631451 0.1384420
1	-1.740234	-2.546064	0.028356	0.167190	
1	-1.687500	-2.572396	0.033790	0.174766	
2	-1.740234	-2.546064	0.028356	0.167190	
2	-1.768675	-2.531250	0.025390	0.163178	
3	-2.109375	-2.328266	-0.017178	0.113093	
3	-2.120985	-2.320312	-0.018806	0.111407	
4	-2.214844	-2.253772	-0.032696	0.097587	
4	-2.266529	-2.214844	-0.040665	0.090085	
5	-2.162109	-2.291831	-0.024818	0.105304	
5	-2.195873	-2.267578	-0.029796	0.100392	
6	-2.162109	-2.291831	-0.024818	0.105304	
6	-2.120985	-2.320312	-0.018806	0.111407	
7	-2.214844	-2.253772	-0.032696	0.097587	
7	-2.195873	-2.267578	-0.029796	0.100392	
8	-2.320312	-2.172720	-0.049313	0.082269	
8	-2.267578	-2.214041	-0.040832	0.089931	
9	-2.267578	-2.214041	-0.040832	0.089931	
9	-2.266529	-2.214844	-0.040665	0.090085	
10	-2.320312	-2.172720	-0.049313	0.082269	
10	-2.333453	-2.162109	-0.051453	0.080385	
11	-2.373047	-2.129541	-0.058059	0.074691	
11	-2.333453	-2.162109	-0.051453	0.080385	
12	-2.373047	-2.129541	-0.058059	0.074691	
12	-2.396874	-2.109375	-0.062090	0.071304	
13	-1.951172	-2.429158	0.004010	0.136450	
13	-1.898438	-2.460258	0.010467	0.144149	
14	-1.951172	-2.429158	0.004010	0.136450	
14	-1.956733	-2.425781	0.003324	0.135649	
15	-2.003906	-2.396975	-0.002821	0.128616	
15	-1.956733	-2.425781	0.003324	0.135649	
16	-2.003906	-2.396975	-0.002821	0.128616	
16	-2.041461	-2.373047	-0.007755	0.123143	
17	-2.056641	-2.363299	-0.009850	0.120864	
17	-2.041461	-2.373047	-0.007755	0.123143	
18	-2.109375	-2.328266	-0.017178	0.113093	
18	-2.056641	-2.363299	-0.009850	0.120864	
19	-1.845703	-2.489999	0.016714	0.151893	
19	-1.866099	-2.478516	0.014390	0.148977	
20	-1.845703	-2.489999	0.016714	0.151893	
20	-1.792969	-2.518600	0.022670	0.159570	
21	-1.898438	-2.460258	0.010467	0.144149	
21	-1.866099	-2.478516	0.014390	0.148977	
22	-1.792969	-2.518600	0.022670	0.159570	
22	-1.768675	-2.531250	0.025390	0.163178	
23	-2.425781	-2.084395	-0.067074	0.067204	
23	-2.457065	-2.056641	-0.072555	0.062806	
24	-2.478516	-2.037164	-0.076366	0.059815	
24	-2.457065	-2.056641	-0.072555	0.062806	
25	-2.478516	-2.037164	-0.076366	0.059815	
25	-2.514270	-2.003906	-0.082838	0.054857	
26	-2.425781	-2.084395	-0.067074	0.067204	
26	-2.396874	-2.109375	-0.062090	0.071304	
27	-2.531250	-1.987702	-0.085940	0.052533	
27	-2.514270	-2.003906	-0.082838	0.054857	
28	-2.531250	-1.987702	-0.085940	0.052533	
28	-2.568699	-1.951172	-0.092930	0.047421	
29	-2.583984	-1.935837	-0.095796	0.045374	
29	-2.568699	-1.951172	-0.092930	0.047421	
30	-2.583984	-1.935837	-0.095796	0.045374	
30	-2.620533	-1.898438	-0.102822	0.040471	
31	-2.636719	-1.881361	-0.105934	0.038352	
31	-2.669925	-1.845703	-0.112504	0.033981	
32	-2.689453	-1.824030	-0.116352	0.031485	
32	-2.669925	-1.845703	-0.112504	0.033981	
33	-2.689453	-1.824030	-0.116352	0.031485	
33	-2.717007	-1.792969	-0.121961	0.027930	
34	-2.636719	-1.881361	-0.105934	0.038352	
34	-2.620533	-1.898438	-0.102822	0.040471	
35	-2.742188	-1.763555	-0.127047	0.024790	
35	-2.717007	-1.792969	-0.121961	0.027930	
36	-2.742188	-1.763555	-0.127047	0.024790	
36	-2.761884	-1.740234	-0.131175	0.022301	
37	-2.794922	-1.699597	-0.138023	0.018285	
37	-2.761884	-1.740234	-0.131175	0.022301	
38	-2.794922	-1.699597	-0.138023	0.018285	
38	-2.804644	-1.687500	-0.140123	0.017082	
39	-1.107422	-2.798350	0.076937	0.250678	
39	-1.118538	-2.794922	0.076409	0.249471	
40	-1.107422	-2.798350	0.076937	0.250678	
40	-1.054688	-2.813861	0.079420	0.256515	
41	-1.160156	-2.782285	0.074154	0.244447	
41	-1.118538	-2.794922	0.076409	0.249471	
42	-1.212891	-2.765353	0.071169	0.238081	
42	-1.160156	-2.782285	0.074154	0.244447	
43	-1.265625	-2.747412	0.068029	0.231688	
43	-1.212891	-2.765353	0.071169	0.238081	
44	-0.896484	-2.855239	0.085840	0.273238	
44	-0.843750	-2.867659	0.087561	0.278260	
45	-0.896484	-2.855239	0.085840	0.273238	
45	-0.926783	-2.847656	0.084806	0.270349	
46	-0.949219	-2.842152	0.083913	0.267923	
46	-0.926783	-2.847656	0.084806	0.270349	
47	-1.054688	-2.813861	0.079420	0.256515	
47	-1.001953	-2.828452	0.081746	0.262269	
48	-1.001953	-2.828452	0.081746	0.262269	
48	-0.949219	-2.842152	0.083913	0.267923	
49	-1.265625	-2.747412	0.068029	0.231688	
49	-1.280318	-2.742188	0.067144	0.229936	
50	-1.371094	-2.709322	0.060906	0.218137	
50	-1.421941	-2.689453	0.057231	0.211581	
51	-1.423828	-2.688723	0.057081	0.211318	
51	-1.421941	-2.689453	0.057231	0.211581	
52	-1.476562	-2.667546	0.052864	0.204114	
52	-1.423828	-2.688723	0.057081	0.211318	
53	-1.371094	-2.709322	0.060906	0.218137	
53	-1.318359	-2.728826	0.064576	0.224968	
54	-1.318359	-2.728826	0.064576	0.224968	
54	-1.280318	-2.742188	0.067144	0.229936	
55	-1.529297	-2.645175	0.048509	0.196978	
55	-1.476562	-2.667546	0.052864	0.204114	
56	-1.529297	-2.645175	0.048509	0.196978	
56	-1.548437	-2.636719	0.046911	0.194431	
57	-1.582031	-2.621964	0.043843	0.189640	
57	-1.548437	-2.636719	0.046911	0.194431	
58	-1.634766	-2.597698	0.038945	0.182245	
58	-1.663307	-2.583984	0.036257	0.178309	
59	-1.634766	-2.597698	0.038945	0.182245	
59	-1.582031	-2.621964	0.043843	0.189640	
60	-1.687500	-2.572396	0.033790	0.174766	
60	-1.663307	-2.583984	0.036257	0.178309	
61	-0.052734	-2.969515	0.097604	0.323369	
61	0.000000	-2.971058	0.097636	0.324036	
62	-0.105469	-2.967325	0.097542	0.322402	
62	-0.052734	-2.969515	0.097604	0.323369	
63	-0.158203	-2.964484	0.097441	0.321140	
63	-0.105469	-2.967325	0.097542	0.322402	
64	-0.210938	-2.960985	0.097289	0.319588	
64	-0.158203	-2.964484	0.097441	0.321140	
65	-0.263672	-2.956822	0.097077	0.317754	
65	-0.210938	-2.960985	0.097289	0.319588	
66	-0.263672	-2.956822	0.097077	0.317754	
66	-0.304017	-2.953125	0.096877	0.316220	
67	-0.421875	-2.940691	0.095921	0.310209	
67	-0.369141	-2.946694	0.096404	0.313044	
68	-0.369141	-2.946694	0.096404	0.313044	
68	-0.316406	-2.952024	0.096791	0.315605	
69	-0.316406	-2.952024	0.096791	0.315605	
69	-0.304017	-2.953125	0.096877	0.316220	
70	-0.791016	-2.879256	0.089133	0.283132	
70	-0.738281	-2.890054	0.090558	0.287836	
71	-0.843750	-2.867659	0.087561	0.278260	
71	-0.791016	-2.879256	0.089133	0.283132	
72	-0.632812	-2.909661	0.092897	0.296375	
72	-0.683781	-2.900391	0.091880	0.292511	
73	-0.685547	-2.900077	0.091837	0.292355	
73	-0.683781	-2.900391	0.091880	0.292511	
74	-0.738281	-2.890054	0.090558	0.287836	
74	-0.685547	-2.900077	0.091837	0.292355	
75	-0.632812	-2.909661	0.092897	0.296375	
75	-0.580078	-2.918503	0.093829	0.300180	
76	-0.580078	-2.918503	0.093829	0.300180	
76	-0.527344	-2.926610	0.094641	0.303763	
77	-0.527344	-2.926610	0.094641	0.303763	
77	-0.474609	-2.934001	0.095336	0.307111	
78	-0.474609	-2.934001	0.095336	0.307111	
78	-0.421875	-2.940691	0.095921	0.310209	
79	-2.953125	-1.482059	-0.172622	0.000111	
79	-2.956784	-1.476562	-0.173484	-0.000297	
80	-2.956784	-1.476562	-0.173484	-0.000297	
80	-2.990539	-1.423828	-0.181255	-0.003881	
81	-3.005859	-1.398641	-0.184684	-0.005407	
81	-2.990539	-1.423828	-0.181255	-0.003881	
82	-3.005859	-1.398641	-0.184684	-0.005407	
82	-3.022592	-1.371094	-0.188694	-0.007149	
83	-3.022592	-1.371094	-0.188694	-0.007149	
83	-3.052991	-1.318359	-0.195793	-0.010117	
84	-3.058594	-1.308175	-0.197054	-0.010629	
84	-3.052991	-1.318359	-0.195793	-0.010117	
85	-3.058594	-1.308175	-0.197054	-0.010629	
85	-3.082040	-1.265625	-0.202767	-0.012889	
86	-2.847656	-1.631744	-0.149282	0.011986	
86	-2.884414	-1.582031	-0.157363	0.007696	
87	-2.804644	-1.687500	-0.140123	0.017082	
87	-2.845403	-1.634766	-0.148811	0.012243	
88	-2.847656	-1.631744	-0.149282	0.011986	
88	-2.845403	-1.634766	-0.148811	0.012243	
89	-2.900391	-1.559416	-0.160800	0.005929	
89	-2.921532	-1.529297	-0.165602	0.003517	
90	-2.900391	-1.559416	-0.160800	0.005929	
90	-2.884414	-1.582031	-0.157363	0.007696	
91	-2.953125	-1.482059	-0.172622	0.000111	
91	-2.921532	-1.529297	-0.165602	0.003517	
92	-3.164062	-1.098366	-0.222594	-0.019973	
92	-3.183455	-1.054688	-0.227553	-0.021554	
93	-3.082040	-1.265625	-0.202767	-0.012889	
93	-3.109376	-1.212891	-0.209261	-0.015341	
94	-3.111328	-1.208942	-0.209703	-0.015503	
94	-3.109376	-1.212891	-0.209261	-0.015341	
95	-3.111328	-1.208942	-0.209703	-0.015503	
95	-3.135555	-1.160156	-0.215724	-0.017654	
96	-3.135555	-1.160156	-0.215724	-0.017654	
96	-3.160072	-1.107422	-0.221674	-0.019671	
97	-3.164062	-1.098366	-0.222594	-0.019973	
97	-3.160072	-1.107422	-0.221674	-0.019671	
98	-3.183455	-1.054688	-0.227553	-0.021554	
98	-3.205349	-1.001953	-0.233011	-0.023201	
99	-3.216797	-0.972531	-0.235748	-0.023991	
99	-3.205349	-1.001953	-0.233011	-0.023201	
100	-3.216797	-0.972531	-0.235748	-0.023991	
100	-3.225960	-0.949219	-0.238205	-0.024677	
101	-3.225960	-0.949219	-0.238205	-0.024677	
101	-3.245389	-0.896484	-0.243205	-0.026010	
102	-3.245389	-0.896484	-0.243205	-0.026010	
102	-3.263380	-0.843750	-0.247749	-0.027142	
103	-3.269531	-0.824389	-0.249209	-0.027490	
103	-3.280284	-0.791016	-0.252145	-0.028164	
104	-3.280284	-0.791016	-0.252145	-0.028164	
104	-3.296000	-0.738281	-0.256279	-0.029055	
105	-3.269531	-0.824389	-0.249209	-0.027490	
105	-3.263380	-0.843750	-0.247749	-0.027142	
106	-3.296000	-0.738281	-0.256279	-0.029055	
106	-3.310398	-0.685547	-0.260007	-0.029797	
107	-3.322266	-0.637906	-0.263005	-0.030348	
107	-3.310398	-0.685547	-0.260007	-0.029797	
108	-3.322266	-0.637906	-0.263005	-0.030348	
108	-3.323557	-0.632812	-0.263388	-0.030415	
109	-3.323557	-0.632812	-0.263388	-0.030415	
109	-3.335795	-0.580078	-0.266716	-0.030971	
110	-3.335795	-0.580078	-0.266716	-0.030971	
110	-3.346801	-0.527344	-0.269676	-0.031417	
111	-3.346801	-0.527344	-0.269676	-0.031417	
111	-3.356607	-0.474609	-0.272287	-0.031768	
112	-3.356607	-0.474609	-0.272287	-0.031768	
112	-3.365241	-0.421875	-0.274564	-0.032039	
113	-3.365241	-0.421875	-0.274564	-0.032039	
113	-3.372729	-0.369141	-0.276523	-0.032243	
114	-3.375000	-0.350388	-0.277027	-0.032291	
114	-3.372729	-0.369141	-0.276523	-0.032243	
115	-3.375000	-0.350388	-0.277027	-0.032291	
115	-3.379217	-0.316406	-0.278301	-0.032401	
116	-3.379217	-0.316406	-0.278301	-0.032401	
116	-3.384636	-0.263672	-0.279824	-0.032512	
117	-3.384636	-0.263672	-0.279824	-0.032512	
117	-3.388932	-0.210938	-0.281032	-0.032581	
118	-3.388932	-0.210938	-0.281032	-0.032581	
118	-3.392119	-0.158203	-0.281934	-0.032618	
119	-3.392119	-0.158203	-0.281934	-0.032618	
119	-3.394205	-0.105469	-0.282534	-0.032633	
120	-3.394205	-0.105469	-0.282534	-0.032633	
120	-3.395195	-0.052734	-0.282837	-0.032634	
121	-3.395195	-0.052734	-0.282837	-0.032634	
121	-3.395094	0.000000	-0.282844	-0.032632	
122	3.375000	-1.063235	0.421767	-0.023334	
122	3.378761	-1.054688	0.422758	-0.023644	
123	3.378761	-1.054688	0.422758	-0.023644	
123	3.400727	-1.001953	0.428289	-0.025313	
124	3.400727	-1.001953	0.428289	-0.025313	
124	3.421159	-0.949219	0.433326	-0.026743	
125	3.421159	-0.949219	0.433326	-0.026743	
125	3.427734	-0.931118	0.434856	-0.027160	
126	3.427734	-0.931118	0.434856	-0.027160	
126	3.440463	-0.896484	0.438216	-0.028046	
127	3.440463	-0.896484	0.438216	-0.028046	
127	3.458506	-0.843750	0.442815	-0.029192	
128	3.458506	-0.843750	0.442815	-0.029192	
128	3.475158	-0.791016	0.446977	-0.030158	
129	3.475158	-0.791016	0.446977	-0.030158	
129	3.480469	-0.772880	0.448213	-0.030432	
130	3.480469	-0.772880	0.448213	-0.030432	
130	3.490757	-0.738281	0.451003	-0.031027	
131	3.490757	-0.738281	0.451003	-0.031027	
131	3.505184	-0.685547	0.454763	-0.031774	
132	3.505184	-0.685547	0.454763	-0.031774	
132	3.518328	-0.632812	0.458134	-0.032390	
133	3.518328	-0.632812	0.458134	-0.032390	
133	3.530228	-0.580078	0.461135	-0.032890	
134	3.533203	-0.565499	0.461805	-0.032996	
134	3.541148	-0.527344	0.464013	-0.033325	
135	3.530228	-0.580078	0.461135	-0.032890	
135	3.533203	-0.565499	0.461805	-0.032996	
136	3.541148	-0.527344	0.464013	-0.033325	
136	3.550948	-0.474609	0.466619	-0.033676	
137	3.550948	-0.474609	0.466619	-0.033676	
137	3.559568	-0.421875	0.468884	-0.033945	
138	3.559568	-0.421875	0.468884	-0.033945	
138	3.567032	-0.369141	0.470822	-0.034145	
139	3.567032	-0.369141	0.470822	-0.034145	
139	3.573363	-0.316406	0.472445	-0.034288	
140	3.573363	-0.316406	0.472445	-0.034288	
140	3.578579	-0.263672	0.473767	-0.034384	
141	3.578579	-0.263672	0.473767	-0.034384	
141	3.582696	-0.210938	0.474795	-0.034443	
142	3.585938	-0.152445	0.475552	-0.034476	
142	3.587728	-0.105469	0.476057	-0.034490	
143	3.587728	-0.105469	0.476057	-0.034490	
143	3.588632	-0.052734	0.476274	-0.034493	
144	3.588632	-0.052734	0.476274	-0.034493	
144	3.588434	0.000000	0.476184	-0.034493	
145	3.582696	-0.210938	0.474795	-0.034443	
145	3.585724	-0.158203	0.475539	-0.034475	
146	3.585724	-0.158203	0.475539	-0.034475	
146	3.585938	-0.152445	0.475552	-0.034476	
147	0.369141	-2.963842	0.097931	0.320224	
147	0.421875	-2.960211	0.098110	0.318494	
148	0.316406	-2.966814	0.097807	0.321666	
148	0.369141	-2.963842	0.097931	0.320224	
149	0.263672	-2.969133	0.097727	0.322815	
149	0.316406	-2.966814	0.097807	0.321666	
150	0.210938	-2.970804	0.097682	0.323666	
150	0.263672	-2.969133	0.097727	0.322815	
151	0.158203	-2.971830	0.097661	0.324215	
151	0.210938	-2.970804	0.097682	0.323666	
152	0.105469	-2.972214	0.097654	0.324460	
152	0.158203	-2.971830	0.097661	0.324215	
153	0.052734	-2.971957	0.097650	0.324400	
153	0.105469	-2.972214	0.097654	0.324460	
154	0.000000	-2.971058	0.097636	0.324036	
154	0.052734	-2.971957	0.097650	0.324400	
155	0.474609	-2.955913	0.098354	0.316484	
155	0.504225	-2.953125	0.098511	0.315312	
156	0.421875	-2.960211	0.098110	0.318494	
156	0.474609	-2.955913	0.098354	0.316484	
157	0.504225	-2.953125	0.098511	0.315312	
157	0.527344	-2.951014	0.098681	0.314128	
158	0.527344	-2.951014	0.098681	0.314128	
158	0.580078	-2.945548	0.099111	0.311394	
159	0.580078	-2.945548	0.099111	0.311394	
159	0.632812	-2.939405	0.099641	0.308391	
160	0.632812	-2.939405	0.099641	0.308391	
160	0.685547	-2.932572	0.100277	0.305129	
161	0.685547	-2.932572	0.100277	0.305129	
161	0.738281	-2.925033	0.101026	0.301623	
162	0.738281	-2.925033	0.101026	0.301623	
162	0.791016	-2.916773	0.101895	0.297886	
163	0.791016	-2.916773	0.101895	0.297886	
163	0.843750	-2.907774	0.102887	0.293934	
164	1.423828	-2.761596	0.125523	0.234188	
164	1.476562	-2.743410	0.128742	0.227726	
165	1.371094	-2.778761	0.122458	0.240629	
165	1.423828	-2.761596	0.125523	0.234188	
166	1.265625	-2.810671	0.116993	0.252959	
166	1.318359	-2.794944	0.119554	0.247031	
167	1.318359	-2.794944	0.119554	0.247031	
167	1.318432	-2.794922	0.119557	0.247023	
168	1.318432	-2.794922	0.119557	0.247023	
168	1.371094	-2.778761	0.122458	0.240629	
169	1.476562	-2.743410	0.128742	0.227726	
169	1.479969	-2.742188	0.128950	0.227318	
170	1.479969	-2.742188	0.128950	0.227318	
170	1.529297	-2.724690	0.132323	0.220852	
171	1.529297	-2.724690	0.132323	0.220852	
171	1.582031	-2.704920	0.136072	0.213969	
172	1.582031	-2.704920	0.136072	0.213969	
172	1.621254	-2.689453	0.138939	0.208896	
173	1.634766	-2.684175	0.140029	0.207007	
173	1.687500	-2.662708	0.144322	0.199768	
174	1.621254	-2.689453	0.138939	0.208896	
174	1.634766	-2.684175	0.140029	0.207007	
175	0.843750	-2.907774	0.102887	0.293934	
175	0.883744	-2.900391	0.103712	0.290851	
176	0.896484	-2.898096	0.104028	0.289707	
176	0.949219	-2.887907	0.105376	0.285050	
177	0.883744	-2.900391	0.103712	0.290851	
177	0.896484	-2.898096	0.104028	0.289707	
178	1.001953	-2.876938	0.106872	0.280214	
178	1.054688	-2.865162	0.108516	0.275217	
179	0.949219	-2.887907	0.105376	0.285050	
179	1.001953	-2.876938	0.106872	0.280214	
180	1.107422	-2.852557	0.110310	0.270076	
180	1.126774	-2.847656	0.110986	0.268211	
181	1.054688	-2.865162	0.108516	0.275217	
181	1.107422	-2.852557	0.110310	0.270076	
182	1.160156	-2.839368	0.112342	0.264570	
182	1.212891	-2.825469	0.114588	0.258811	
183	1.212891	-2.825469	0.114588	0.258811	
183	1.265625	-2.810671	0.116993	0.252959	
184	1.126774	-2.847656	0.110986	0.268211	
184	1.160156	-2.839368	0.112342	0.264570	
185	1.951172	-2.539844	0.169304	0.162583	
185	1.967538	-2.531250	0.171024	0.160274	
186	1.898438	-2.566543	0.163808	0.170156	
186	1.951172	-2.539844	0.169304	0.162583	
187	1.740234	-2.640033	0.148750	0.192603	
187	1.747672	-2.636719	0.149377	0.191611	
188	1.687500	-2.662708	0.144322	0.199768	
188	1.740234	-2.640033	0.148750	0.192603	
189	1.792969	-2.616644	0.153551	0.185146	
189	1.845703	-2.592045	0.158517	0.177738	
190	1.845703	-2.592045	0.158517	0.177738	
190	1.862340	-2.583984	0.160098	0.175442	
191	1.862340	-2.583984	0.160098	0.175442	
191	1.898438	-2.566543	0.163808	0.170156	
192	1.747672	-2.636719	0.149377	0.191611	
192	1.792969	-2.616644	0.153551	0.185146	
193	2.583984	-2.118370	0.256784	0.069995	
193	2.594534	-2.109375	0.258577	0.068499	
194	2.531250	-2.162089	0.247951	0.077557	
194	2.583984	-2.118370	0.256784	0.069995	
195	2.953125	-1.746808	0.326192	0.020466	
195	2.958635	-1.740234	0.327354	0.019770	
196	2.958635	-1.740234	0.327354	0.019770	
196	3.001312	-1.687500	0.336270	0.014575	
197	2.594534	-2.109375	0.258577	0.068499	
197	2.636719	-2.072635	0.265880	0.062534	
198	2.636719	-2.072635	0.265880	0.062534	
198	2.654613	-2.056641	0.269029	0.060025	
199	2.689453	-2.024758	0.275245	0.055181	
199	2.711704	-2.003906	0.279292	0.052104	
200	2.654613	-2.056641	0.269029	0.060025	
200	2.689453	-2.024758	0.275245	0.055181	
201	2.711704	-2.003906	0.279292	0.052104	
201	2.742188	-1.974588	0.284884	0.047946	
202	2.742188	-1.974588	0.284884	0.047946	
202	2.766014	-1.951172	0.289354	0.044701	
203	2.794922	-1.921944	0.294799	0.040841	
203	2.817722	-1.898438	0.299205	0.037790	
204	2.766014	-1.951172	0.289354	0.044701	
204	2.794922	-1.921944	0.294799	0.040841	
205	2.817722	-1.898438	0.299205	0.037790	
205	2.847656	-1.866610	0.304988	0.033882	
206	2.847656	-1.866610	0.304988	0.033882	
206	2.866980	-1.845703	0.308833	0.031344	
207	2.900391	-1.808331	0.315452	0.027085	
207	2.913916	-1.792969	0.318223	0.025343	
208	2.866980	-1.845703	0.308833	0.031344	
208	2.900391	-1.808331	0.315452	0.027085	
209	2.913916	-1.792969	0.318223	0.025343	
209	2.953125	-1.746808	0.326192	0.020466	
210	1.967538	-2.531250	0.171024	0.160274	
210	2.003906	-2.512150	0.175122	0.154876	
211	2.003906	-2.512150	0.175122	0.154876	
211	2.056641	-2.483147	0.181134	0.147218	
212	2.056641	-2.483147	0.181134	0.147218	
212	2.064802	-2.478516	0.182070	0.146051	
213	2.064802	-2.478516	0.182070	0.146051	
213	2.109375	-2.453139	0.187510	0.139405	
214	2.109375	-2.453139	0.187510	0.139405	
214	2.155270	-2.425781	0.193167	0.132720	
215	2.214844	-2.389104	0.200968	0.123854	
215	2.239850	-2.373047	0.204272	0.120215	
216	2.267578	-2.355096	0.208117	0.116061	
216	2.319205	-2.320312	0.215326	0.108500	
217	2.239850	-2.373047	0.204272	0.120215	
217	2.267578	-2.355096	0.208117	0.116061	
218	2.155270	-2.425781	0.193167	0.132720	
218	2.162109	-2.421683	0.194059	0.131687	
219	2.162109	-2.421683	0.194059	0.131687	
219	2.214844	-2.389104	0.200968	0.123854	
220	2.320312	-2.319559	0.215488	0.108334	
220	2.373047	-2.282722	0.223230	0.100532	
221	2.373047	-2.282722	0.223230	0.100532	
221	2.393969	-2.267578	0.226330	0.097494	
222	2.393969	-2.267578	0.226330	0.097494	
222	2.425781	-2.244241	0.231213	0.092803	
223	2.425781	-2.244241	0.231213	0.092803	
223	2.464517	-2.214844	0.237214	0.087193	
224	2.464517	-2.214844	0.237214	0.087193	
224	2.478516	-2.204052	0.239448	0.085146	
225	2.478516	-2.204052	0.239448	0.085146	
225	2.531225	-2.162109	0.247947	0.077561	
226	2.531225	-2.162109	0.247947	0.077561	
226	2.531250	-2.162089	0.247951	0.077557	
227	2.319205	-2.320312	0.215326	0.108500	
227	2.320312	-2.319559	0.215488	0.108334	
228	3.001312	-1.687500	0.336270	0.014575	
228	3.005859	-1.681671	0.337205	0.014044	
229	3.005859	-1.681671	0.337205	0.014044	
229	3.042086	-1.634766	0.344997	0.009719	
230	3.042086	-1.634766	0.344997	0.009719	
230	3.058594	-1.612447	0.348480	0.007844	
231	3.058594	-1.612447	0.348480	0.007844	
231	3.080910	-1.582031	0.353430	0.005241	
232	3.080910	-1.582031	0.353430	0.005241	
232	3.111328	-1.538625	0.360040	0.001877	
233	3.111328	-1.538625	0.360040	0.001877	
233	3.117825	-1.529297	0.361530	0.001136	
234	3.117825	-1.529297	0.361530	0.001136	
234	3.153102	-1.476562	0.369455	-0.002695	
235	3.164062	-1.459400	0.371849	-0.003816	
235	3.186712	-1.423828	0.377126	-0.006229	
236	3.216797	-1.373954	0.383959	-0.009233	
236	3.218520	-1.371094	0.384378	-0.009413	
237	3.186712	-1.423828	0.377126	-0.006229	
237	3.216797	-1.373954	0.383959	-0.009233	
238	3.269531	-1.280753	0.396281	-0.014304	
238	3.277798	-1.265625	0.398332	-0.015104	
239	3.218520	-1.371094	0.384378	-0.009413	
239	3.249018	-1.318359	0.391577	-0.012421	
240	3.249018	-1.318359	0.391577	-0.012421	
240	3.269531	-1.280753	0.396281	-0.014304	
241	3.153102	-1.476562	0.369455	-0.002695	
241	3.164062	-1.459400	0.371849	-0.003816	
242	3.277798	-1.265625	0.398332	-0.015104	
242	3.305226	-1.212891	0.404921	-0.017589	
243	3.322266	-1.178115	0.408883	-0.019020	
243	3.331107	-1.160156	0.411132	-0.019811	
244	3.305226	-1.212891	0.404921	-0.017589	
244	3.322266	-1.178115	0.408883	-0.019020	
245	3.331107	-1.160156	0.411132	-0.019811	
245	3.355706	-1.107422	0.417168	-0.021854	
246	3.355706	-1.107422	0.417168	-0.021854	
246	3.375000	-1.063235	0.421767	-0.023334	
247	3.370681	1.001953	0.419458	-0.046089	
247	3.375000	0.991716	0.420458	-0.045774	
248	3.370681	1.001953	0.419458	-0.046089	
248	3.347159	1.054688	0.413711	-0.047958	
249	3.321979	1.107422	0.407429	-0.050120	
249	3.322266	1.106817	0.407494	-0.050097	
250	3.322266	1.106817	0.407494	-0.050097	
250	3.347159	1.054688	0.413711	-0.047958	
251	3.321979	1.107422	0.407429	-0.050120	
251	3.295716	1.160156	0.401159	-0.052398	
252	3.269531	1.209438	0.394758	-0.054845	
252	3.295716	1.160156	0.401159	-0.052398	
253	3.267702	1.212891	0.394346	-0.055006	
253	3.269531	1.209438	0.394758	-0.054845	
254	3.267702	1.212891	0.394346	-0.055006	
254	3.238471	1.265625	0.387496	-0.057768	
255	3.140964	1.423828	0.364976	-0.067809	
255	3.164062	1.388121	0.370113	-0.065389	
256	3.111328	1.467395	0.358223	-0.071106	
256	3.140964	1.423828	0.364976	-0.067809	
257	3.105059	1.476562	0.356874	-0.071780	
257	3.111328	1.467395	0.358223	-0.071106	
258	3.207513	1.318359	0.380207	-0.060857	
258	3.216797	1.302549	0.382284	-0.059961	
259	3.216797	1.302549	0.382284	-0.059961	
259	3.238471	1.265625	0.387496	-0.057768	
260	3.207513	1.318359	0.380207	-0.060857	
260	3.175040	1.371094	0.372710	-0.064195	
261	3.164062	1.388121	0.370113	-0.065389	
261	3.175040	1.371094	0.372710	-0.064195	
262	3.028114	1.582031	0.340086	-0.080615	
262	3.058594	1.541288	0.346599	-0.077090	
263	3.105059	1.476562	0.356874	-0.071780	
263	3.067489	1.529297	0.348594	-0.076035	
264	3.058594	1.541288	0.346599	-0.077090	
264	3.067489	1.529297	0.348594	-0.076035	
265	2.986757	1.634766	0.331280	-0.085581	
265	3.005859	1.610545	0.335251	-0.083313	
266	3.005859	1.610545	0.335251	-0.083313	
266	3.028114	1.582031	0.340086	-0.080615	
267	2.953125	1.675746	0.324186	-0.089750	
267	2.986757	1.634766	0.331280	-0.085581	
268	2.943358	1.687500	0.322206	-0.090941	
268	2.953125	1.675746	0.324186	-0.089750	
269	2.509121	2.109375	0.242087	-0.150085	
269	2.531250	2.091579	0.245724	-0.146883	
270	2.293323	2.267578	0.209350	-0.181659	
270	2.320312	2.249322	0.213232	-0.177634	
271	2.267578	2.284820	0.205807	-0.185406	
271	2.293323	2.267578	0.209350	-0.181659	
272	2.214844	2.318798	0.198610	-0.193242	
272	2.267578	2.284820	0.205807	-0.185406	
273	2.212427	2.320312	0.198282	-0.193607	
273	2.214844	2.318798	0.198610	-0.193242	
274	2.373047	2.212250	0.220895	-0.169923	
274	2.425781	2.173746	0.228907	-0.162177	
275	2.369398	2.214844	0.220345	-0.170466	
275	2.373047	2.212250	0.220895	-0.169923	
276	2.441218	2.162109	0.231276	-0.159945	
276	2.478516	2.133560	0.237185	-0.154491	
277	2.478516	2.133560	0.237185	-0.154491	
277	2.509121	2.109375	0.242087	-0.150085	
278	2.425781	2.173746	0.228907	-0.162177	
278	2.441218	2.162109	0.231276	-0.159945	
279	2.320312	2.249322	0.213232	-0.177634	
279	2.369398	2.214844	0.220345	-0.170466	
280	2.126169	2.373047	0.187204	-0.206329	
280	2.162109	2.351633	0.191797	-0.200956	
281	2.162109	2.351633	0.191797	-0.200956	
281	2.212427	2.320312	0.198282	-0.193607	
282	2.109375	2.383005	0.185178	-0.208747	
282	2.126169	2.373047	0.187204	-0.206329	
283	2.056641	2.413198	0.178866	-0.216472	
283	2.109375	2.383005	0.185178	-0.208747	
284	2.033779	2.425781	0.176150	-0.219890	
284	2.056641	2.413198	0.178866	-0.216472	
285	2.003906	2.442195	0.172826	-0.224157	
285	2.033779	2.425781	0.176150	-0.219890	
286	1.934321	2.478516	0.165182	-0.234336	
286	1.951172	2.469969	0.167023	-0.231835	
287	1.951172	2.469969	0.167023	-0.231835	
287	2.003906	2.442195	0.172826	-0.224157	
288	1.898438	2.496737	0.161538	-0.239383	
288	1.934321	2.478516	0.165182	-0.234336	
289	1.845703	2.522316	0.156264	-0.246935	
289	1.898438	2.496737	0.161538	-0.239383	
290	1.826534	2.531250	0.154363	-0.249732	
290	1.845703	2.522316	0.156264	-0.246935	
291	2.897842	1.740234	0.312891	-0.096706	
291	2.900391	1.737321	0.313395	-0.096386	
292	2.900391	1.737321	0.313395	-0.096386	
292	2.943358	1.687500	0.322206	-0.090941	
293	2.897842	1.740234	0.312891	-0.096706	
293	2.850154	1.792969	0.303382	-0.102869	
294	2.847656	1.795647	0.302883	-0.103201	
294	2.850154	1.792969	0.303382	-0.102869	
295	2.800139	1.845703	0.293663	-0.109470	
295	2.847656	1.795647	0.302883	-0.103201	
296	2.794922	1.851035	0.292652	-0.110174	
296	2.800139	1.845703	0.293663	-0.109470	
297	2.747619	1.898438	0.283720	-0.116547	
297	2.794922	1.851035	0.292652	-0.110174	
298	2.742188	1.903731	0.282700	-0.117292	
298	2.747619	1.898438	0.283720	-0.116547	
299	2.634434	2.003906	0.263231	-0.132226	
299	2.636719	2.001877	0.263631	-0.131905	
300	2.692436	1.951172	0.273566	-0.124128	
300	2.742188	1.903731	0.282700	-0.117292	
301	2.689453	1.953945	0.273024	-0.124543	
301	2.692436	1.951172	0.273566	-0.124128	
302	2.636719	2.001877	0.263631	-0.131905	
302	2.689453	1.953945	0.273024	-0.124543	
303	2.573428	2.056641	0.252743	-0.140859	
303	2.583984	2.047720	0.254537	-0.139352	
304	2.583984	2.047720	0.254537	-0.139352	
304	2.634434	2.003906	0.263231	-0.132226	
305	2.531250	2.091579	0.245724	-0.146883	
305	2.573428	2.056641	0.252743	-0.140859	
306	1.708715	2.583984	0.143782	-0.266140	
306	1.740234	2.570530	0.146564	-0.261678	
307	1.740234	2.570530	0.146564	-0.261678	
307	1.792969	2.546956	0.151298	-0.254334	
308	1.687500	2.593102	0.142074	-0.268936	
308	1.708715	2.583984	0.143782	-0.266140	
309	1.792969	2.546956	0.151298	-0.254334	
309	1.826534	2.531250	0.154363	-0.249732	
310	1.263428	2.742188	0.114769	-0.322117	
310	1.265625	2.741573	0.114879	-0.321854	
311	1.060713	2.794922	0.106676	-0.343354	
311	1.107422	2.783928	0.108341	-0.338595	
312	1.107422	2.783928	0.108341	-0.338595	
312	1.160156	2.770687	0.110362	-0.333127	
313	1.054688	2.796370	0.106493	-0.343891	
313	1.060713	2.794922	0.106676	-0.343354	
314	1.160156	2.770687	0.110362	-0.333127	
314	1.212891	2.756572	0.112540	-0.327546	
315	1.212891	2.756572	0.112540	-0.327546	
315	1.263428	2.742188	0.114769	-0.322117	
316	0.896484	2.829876	0.102158	-0.357878	
316	0.949219	2.819503	0.103461	-0.353387	
317	0.843750	2.839483	0.100996	-0.362176	
317	0.896484	2.829876	0.102158	-0.357878	
318	1.001953	2.808342	0.104905	-0.348719	
318	1.054688	2.796370	0.106493	-0.343891	
319	0.949219	2.819503	0.103461	-0.353387	
319	1.001953	2.808342	0.104905	-0.348719	
320	1.432060	2.689453	0.123816	-0.302254	
320	1.476562	2.674320	0.126663	-0.296563	
321	1.423828	2.692289	0.123348	-0.303212	
321	1.432060	2.689453	0.123816	-0.302254	
322	1.371094	2.709694	0.120368	-0.309472	
322	1.423828	2.692289	0.123348	-0.303212	
323	1.318359	2.726110	0.117543	-0.315692	
323	1.371094	2.709694	0.120368	-0.309472	
324	1.265625	2.741573	0.114879	-0.321854	
324	1.318359	2.726110	0.117543	-0.315692	
325	1.578515	2.636719	0.133567	-0.283596	
325	1.582031	2.635399	0.133836	-0.283111	
326	1.634766	2.614834	0.137884	-0.275996	
326	1.687500	2.593102	0.142074	-0.268936	
327	1.582031	2.635399	0.133836	-0.283111	
327	1.634766	2.614834	0.137884	-0.275996	
328	1.476562	2.674320	0.126663	-0.296563	
328	1.529297	2.655385	0.130167	-0.289844	
329	1.529297	2.655385	0.130167	-0.289844	
329	1.578515	2.636719	0.133567	-0.283596	
330	0.316406	2.899180	0.096027	-0.389298	
330	0.369141	2.896201	0.096148	-0.387861	
331	0.369141	2.896201	0.096148	-0.387861	
331	0.421875	2.892579	0.096328	-0.386121	
332	0.289167	2.900391	0.095978	-0.389997	
332	0.316406	2.899180	0.096027	-0.389298	
333	0.263672	2.901563	0.095954	-0.390384	
333	0.289167	2.900391	0.095978	-0.389997	
334	0.210938	2.903335	0.095917	-0.391134	
334	0.263672	2.901563	0.095954	-0.390384	
335	0.158203	2.904457	0.095902	-0.391588	
335	0.210938	2.903335	0.095917	-0.391134	
336	0.105469	2.904930	0.095899	-0.391744	
336	0.158203	2.904457	0.095902	-0.391588	
337	0.052734	2.904756	0.095896	-0.391601	
337	0.105469	2.904930	0.095899	-0.391744	
338	0.000000	2.903934	0.095884	-0.391160	
338	0.052734	2.904756	0.095896	-0.391601	
339	0.795152	2.847656	0.100042	-0.365970	
339	0.843750	2.839483	0.100996	-0.362176	
340	0.738281	2.856795	0.099145	-0.369825	
340	0.791016	2.848370	0.099977	-0.366240	
341	0.791016	2.848370	0.099977	-0.366240	
341	0.795152	2.847656	0.100042	-0.365970	
342	0.632812	2.871478	0.097820	-0.376301	
342	0.685547	2.864493	0.098428	-0.373183	
343	0.685547	2.864493	0.098428	-0.373183	
343	0.738281	2.856795	0.099145	-0.369825	
344	0.527344	2.883372	0.096901	-0.381764	
344	0.580078	2.877767	0.097313	-0.379165	
345	0.580078	2.877767	0.097313	-0.379165	
345	0.632812	2.871478	0.097820	-0.376301	
346	0.421875	2.892579	0.096328	-0.386121	
346	0.474609	2.888306	0.096576	-0.384086	
347	0.474609	2.888306	0.096576	-0.384086	
347	0.527344	2.883372	0.096901	-0.381764	
348	3.584759	0.105469	0.475119	-0.034521	
348	3.585938	0.078914	0.475339	-0.034513	
349	3.584759	0.105469	0.475119	-0.034521	
349	3.581341	0.158203	0.474204	-0.034564	
350	3.581341	0.158203	0.474204	-0.034564	
350	3.576831	0.210938	0.473003	-0.034639	
351	3.588434	0.000000	0.476184	-0.034493	
351	3.587132	0.052734	0.475788	-0.034499	
352	3.585938	0.078914	0.475339	-0.034513	
352	3.587132	0.052734	0.475788	-0.034499	
353	3.576831	0.210938	0.473003	-0.034639	
353	3.571217	0.263672	0.471505	-0.034754	
354	3.571217	0.263672	0.471505	-0.034754	
354	3.564482	0.316406	0.469702	-0.034919	
355	3.564482	0.316406	0.469702	-0.034919	
355	3.556606	0.369141	0.467580	-0.035147	
356	3.556606	0.369141	0.467580	-0.035147	
356	3.547567	0.421875	0.465127	-0.035450	
357	3.547567	0.421875	0.465127	-0.035450	
357	3.537338	0.474609	0.462327	-0.035840	
358	3.533203	0.493774	0.461106	-0.036024	
358	3.537338	0.474609	0.462327	-0.035840	
359	3.526101	0.527344	0.459368	-0.036300	
359	3.533203	0.493774	0.461106	-0.036024	
360	3.526101	0.527344	0.459368	-0.036300	
360	3.513763	0.580078	0.456171	-0.036847	
361	3.513763	0.580078	0.456171	-0.036847	
361	3.500167	0.632812	0.452597	-0.037515	
362	3.469360	0.738281	0.444541	-0.039223	
362	3.480469	0.701307	0.447268	-0.038615	
363	3.500167	0.632812	0.452597	-0.037515	
363	3.485275	0.685547	0.448628	-0.038323	
364	3.480469	0.701307	0.447268	-0.038615	
364	3.485275	0.685547	0.448628	-0.038323	
365	3.469360	0.738281	0.444541	-0.039223	
365	3.452222	0.791016	0.440162	-0.040260	
366	3.452222	0.791016	0.440162	-0.040260	
366	3.433677	0.843750	0.435339	-0.041485	
367	3.414046	0.896484	0.430396	-0.042827	
367	3.427734	0.859589	0.433717	-0.041916	
368	3.427734	0.859589	0.433717	-0.041916	
368	3.433677	0.843750	0.435339	-0.041485	
369	3.414046	0.896484	0.430396	-0.042827	
369	3.393083	0.949219	0.425126	-0.044349	
370	3.375000	0.991716	0.420458	-0.045774	
370	3.393083	0.949219	0.425126	-0.044349	
371	-3.395094	0.000000	-0.282844	-0.032632	
371	-3.393900	0.052734	-0.282555	-0.032634	
372	-3.393900	0.052734	-0.282555	-0.032634	
372	-3.391609	0.105469	-0.281968	-0.032651	
373	-3.391609	0.105469	-0.281968	-0.032651	
373	-3.388217	0.158203	-0.281079	-0.032691	
374	-3.388217	0.158203	-0.281079	-0.032691	
374	-3.383712	0.210938	-0.279882	-0.032765	
375	-3.383712	0.210938	-0.279882	-0.032765	
375	-3.378082	0.263672	-0.278368	-0.032882	
376	-3.378082	0.263672	-0.278368	-0.032882	
376	-3.375000	0.287746	-0.277437	-0.032965	
377	-3.375000	0.287746	-0.277437	-0.032965	
377	-3.371419	0.316406	-0.276636	-0.033043	
378	-3.371419	0.316406	-0.276636	-0.033043	
378	-3.363718	0.369141	-0.274686	-0.033254	
379	-3.363718	0.369141	-0.274686	-0.033254	
379	-3.354865	0.421875	-0.272416	-0.033534	
380	-3.354865	0.421875	-0.272416	-0.033534	
380	-3.344835	0.474609	-0.269808	-0.033896	
381	-3.344835	0.474609	-0.269808	-0.033896	
381	-3.333599	0.527344	-0.266847	-0.034354	
382	-3.333599	0.527344	-0.266847	-0.034354	
382	-3.322266	0.575297	-0.263793	-0.034875	
383	-3.322266	0.575297	-0.263793	-0.034875	
383	-3.321157	0.580078	-0.263547	-0.034920	
384	-3.321157	0.580078	-0.263547	-0.034920	
384	-3.307795	0.632812	-0.260197	-0.035547	
385	-3.307795	0.632812	-0.260197	-0.035547	
385	-3.293149	0.685547	-0.256459	-0.036307	
386	-3.293149	0.685547	-0.256459	-0.036307	
386	-3.277175	0.738281	-0.252311	-0.037220	
387	-3.269531	0.761703	-0.250225	-0.037705	
387	-3.260095	0.791016	-0.247982	-0.038245	
388	-3.260095	0.791016	-0.247982	-0.038245	
388	-3.241831	0.843750	-0.243416	-0.039404	
389	-3.277175	0.738281	-0.252311	-0.037220	
389	-3.269531	0.761703	-0.250225	-0.037705	
390	-3.241831	0.843750	-0.243416	-0.039404	
390	-3.222117	0.896484	-0.238389	-0.040767	
391	-3.216797	0.909873	-0.236965	-0.041170	
391	-3.201316	0.949219	-0.233261	-0.042248	
392	-3.222117	0.896484	-0.238389	-0.040767	
392	-3.216797	0.909873	-0.236965	-0.041170	
393	-3.201316	0.949219	-0.233261	-0.042248	
393	-3.179115	1.001953	-0.227767	-0.043933	
394	-3.179115	1.001953	-0.227767	-0.043933	
394	-3.164062	1.035521	-0.223922	-0.045171	
395	-3.164062	1.035521	-0.223922	-0.045171	
395	-3.155529	1.054688	-0.221953	-0.045823	
396	-3.155529	1.054688	-0.221953	-0.045823	
396	-3.130680	1.107422	-0.215955	-0.047885	
397	-3.111328	1.146035	-0.211151	-0.049617	
397	-3.104281	1.160156	-0.209553	-0.050209	
398	-3.130680	1.107422	-0.215955	-0.047885	
398	-3.111328	1.146035	-0.211151	-0.049617	
399	-3.058594	1.245256	-0.198624	-0.054462	
399	-3.047288	1.265625	-0.196080	-0.055503	
400	-3.104281	1.160156	-0.209553	-0.050209	
400	-3.076581	1.212891	-0.203000	-0.052716	
401	-3.076581	1.212891	-0.203000	-0.052716	
401	-3.058594	1.245256	-0.198624	-0.054462	
402	-2.953125	1.419072	-0.174387	-0.065150	
402	-2.950037	1.423828	-0.173721	-0.065468	
403	-2.950037	1.423828	-0.173721	-0.065468	
403	-2.914403	1.476562	-0.165817	-0.069339	
404	-2.914403	1.476562	-0.165817	-0.069339	
404	-2.900391	1.496376	-0.162642	-0.070945	
405	-2.900391	1.496376	-0.162642	-0.070945	
405	-2.876952	1.529297	-0.157607	-0.073553	
406	-2.876952	1.529297	-0.157607	-0.073553	
406	-2.847656	1.568627	-0.151182	-0.076988	
407	-2.847656	1.568627	-0.151182	-0.076988	
407	-2.837585	1.582031	-0.149078	-0.078140	
408	-2.837585	1.582031	-0.149078	-0.078140	
408	-2.796285	1.634766	-0.140287	-0.083093	
409	-2.794922	1.636450	-0.139994	-0.083263	
409	-2.753111	1.687500	-0.131350	-0.088368	
410	-2.796285	1.634766	-0.140287	-0.083093	
410	-2.794922	1.636450	-0.139994	-0.083263	
411	-3.047288	1.265625	-0.196080	-0.055503	
411	-3.016490	1.318359	-0.188911	-0.058539	
412	-3.005859	1.335720	-0.186368	-0.059652	
412	-2.984162	1.371094	-0.181516	-0.061828	
413	-3.016490	1.318359	-0.188911	-0.058539	
413	-3.005859	1.335720	-0.186368	-0.059652	
414	-2.984162	1.371094	-0.181516	-0.061828	
414	-2.953125	1.419072	-0.174387	-0.065150	
415	-1.687500	2.507979	0.031500	-0.239765	
415	-1.638544	2.531250	0.036394	-0.246863	
416	-0.632812	2.843620	0.091024	-0.362458	
416	-0.607991	2.847656	0.091528	-0.364479	
417	-0.527344	2.860409	0.092799	-0.369991	
417	-0.474609	2.867783	0.093496	-0.373351	
418	-0.474609	2.867783	0.093496	-0.373351	
418	-0.421875	2.874451	0.094085	-0.376467	
419	-0.607991	2.847656	0.091528	-0.364479	
419	-0.580078	2.852313	0.091988	-0.366399	
420	-0.580078	2.852313	0.091988	-0.366399	
420	-0.527344	2.860409	0.092799	-0.369991	
421	-0.791016	2.813509	0.087192	-0.348959	
421	-0.738281	2.824318	0.088612	-0.353647	
422	-0.843750	2.801897	0.085628	-0.344108	
422	-0.791016	2.813509	0.087192	-0.348959	
423	-0.685547	2.834348	0.089888	-0.358152	
423	-0.632812	2.843620	0.091024	-0.362458	
424	-0.738281	2.824318	0.088612	-0.353647	
424	-0.685547	2.834348	0.089888	-0.358152	
425	-0.105469	2.900339	0.095789	-0.389388	
425	-0.104135	2.900391	0.095792	-0.389428	
426	-0.052734	2.902462	0.095852	-0.390422	
426	0.000000	2.903934	0.095884	-0.391160	
427	-0.104135	2.900391	0.095792	-0.389428	
427	-0.052734	2.902462	0.095852	-0.390422	
428	-0.210938	2.894329	0.095510	-0.386248	
428	-0.158203	2.897654	0.095678	-0.387971	
429	-0.158203	2.897654	0.095678	-0.387971	
429	-0.105469	2.900339	0.095789	-0.389388	
430	-0.316406	2.885725	0.094968	-0.381917	
430	-0.263672	2.890355	0.095277	-0.384227	
431	-0.263672	2.890355	0.095277	-0.384227	
431	-0.210938	2.894329	0.095510	-0.386248	
432	-0.421875	2.874451	0.094085	-0.376467	
432	-0.369141	2.880427	0.094573	-0.379326	
433	-0.369141	2.880427	0.094573	-0.379326	
433	-0.316406	2.885725	0.094968	-0.381917	
434	-1.638544	2.531250	0.036394	-0.246863	
434	-1.634766	2.533052	0.036742	-0.247379	
435	-1.634766	2.533052	0.036742	-0.247379	
435	-1.582031	2.557391	0.041589	-0.254704	
436	-1.582031	2.557391	0.041589	-0.254704	
436	-1.529297	2.580447	0.046309	-0.262134	
437	-1.529297	2.580447	0.046309	-0.262134	
437	-1.520895	2.583984	0.047057	-0.263342	
438	-1.520895	2.583984	0.047057	-0.263342	
438	-1.476562	2.602786	0.050663	-0.269276	
439	-1.423828	2.624030	0.054837	-0.276412	
439	-1.390764	2.636719	0.057397	-0.280945	
440	-1.476562	2.602786	0.050663	-0.269276	
440	-1.423828	2.624030	0.054837	-0.276412	
441	-1.371094	2.644342	0.058771	-0.283432	
441	-1.318359	2.663906	0.062406	-0.290202	
442	-1.318359	2.663906	0.062406	-0.290202	
442	-1.265625	2.682393	0.065888	-0.296984	
443	-1.390764	2.636719	0.057397	-0.280945	
443	-1.371094	2.644342	0.058771	-0.283432	
444	-1.107422	2.733153	0.074843	-0.316081	
444	-1.075983	2.742188	0.076455	-0.319838	
445	-1.160156	2.717148	0.072043	-0.309812	
445	-1.107422	2.733153	0.074843	-0.316081	
446	-1.265625	2.682393	0.065888	-0.296984	
446	-1.244510	2.689453	0.067258	-0.299740	
447	-1.212891	2.700168	0.069085	-0.303498	
447	-1.160156	2.717148	0.072043	-0.309812	
448	-1.244510	2.689453	0.067258	-0.299740	
448	-1.212891	2.700168	0.069085	-0.303498	
449	-1.054688	2.748411	0.077409	-0.322121	
449	-1.001953	2.763036	0.079718	-0.327836	
450	-1.001953	2.763036	0.079718	-0.327836	
450	-0.949219	2.776768	0.081870	-0.333452	
451	-0.949219	2.776768	0.081870	-0.333452	
451	-0.896484	2.789636	0.083863	-0.338951	
452	-0.896484	2.789636	0.083863	-0.338951	
452	-0.873478	2.794922	0.084703	-0.341366	
453	-0.873478	2.794922	0.084703	-0.341366	
453	-0.843750	2.801897	0.085628	-0.344108	
454	-1.075983	2.742188	0.076455	-0.319838	
454	-1.054688	2.748411	0.077409	-0.322121	
455	-2.753111	1.687500	-0.131350	-0.088368	
455	-2.742188	1.700344	-0.129069	-0.089753	
456	-2.742188	1.700344	-0.129069	-0.089753	
456	-2.707788	1.740234	-0.122140	-0.094059	
457	-2.689453	1.760762	-0.118420	-0.096432	
457	-2.660225	1.792969	-0.112679	-0.100182	
458	-2.707788	1.740234	-0.122140	-0.094059	
458	-2.689453	1.760762	-0.118420	-0.096432	
459	-2.636719	1.818039	-0.108047	-0.103285	
459	-2.610309	1.845703	-0.102987	-0.106754	
460	-2.583984	1.872460	-0.097948	-0.110294	
460	-2.557907	1.898438	-0.093077	-0.113797	
461	-2.610309	1.845703	-0.102987	-0.106754	
461	-2.583984	1.872460	-0.097948	-0.110294	
462	-2.660225	1.792969	-0.112679	-0.100182	
462	-2.636719	1.818039	-0.108047	-0.103285	
463	-2.557907	1.898438	-0.093077	-0.113797	
463	-2.531250	1.924267	-0.088124	-0.117443	
464	-2.320312	2.108980	-0.051556	-0.147185	
464	-2.319817	2.109375	-0.051475	-0.147257	
465	-2.531250	1.924267	-0.088124	-0.117443	
465	-2.502858	1.951172	-0.082960	-0.121337	
466	-2.478516	1.973664	-0.078577	-0.124718	
466	-2.444977	2.003906	-0.072647	-0.129405	
467	-2.502858	1.951172	-0.082960	-0.121337	
467	-2.478516	1.973664	-0.078577	-0.124718	
468	-2.425781	2.020824	-0.069303	-0.132106	
468	-2.384045	2.056641	-0.062146	-0.138033	
469	-2.373047	2.065888	-0.060298	-0.139598	
469	-2.320312	2.108980	-0.051556	-0.147185	
470	-2.384045	2.056641	-0.062146	-0.138033	
470	-2.373047	2.065888	-0.060298	-0.139598	
471	-2.444977	2.003906	-0.072647	-0.129405	
471	-2.425781	2.020824	-0.069303	-0.132106	
472	-2.109375	2.264296	-0.019468	-0.178013	
472	-2.104481	2.267578	-0.018765	-0.178748	
473	-2.056641	2.299345	-0.012183	-0.185750	
473	-2.023758	2.320312	-0.007692	-0.190674	
474	-2.104481	2.267578	-0.018765	-0.178748	
474	-2.056641	2.299345	-0.012183	-0.185750	
475	-1.845703	2.425635	0.014467	-0.216921	
475	-1.845435	2.425781	0.014499	-0.216962	
476	-1.898438	2.396073	0.008158	-0.209091	
476	-1.845703	2.425635	0.014467	-0.216921	
477	-1.792969	2.454311	0.020362	-0.224529	
477	-1.746140	2.478516	0.025518	-0.231434	
478	-1.740234	2.481570	0.026123	-0.232260	
478	-1.687500	2.507979	0.031500	-0.239765	
479	-1.746140	2.478516	0.025518	-0.231434	
479	-1.740234	2.481570	0.026123	-0.232260	
480	-1.845435	2.425781	0.014499	-0.216962	
480	-1.792969	2.454311	0.020362	-0.224529	
481	-2.023758	2.320312	-0.007692	-0.190674	
481	-2.003906	2.332875	-0.005113	-0.193558	
482	-2.003906	2.332875	-0.005113	-0.193558	
482	-1.951172	2.365067	0.001683	-0.201361	
483	-1.951172	2.365067	0.001683	-0.201361	
483	-1.937645	2.373047	0.003416	-0.203401	
484	-1.937645	2.373047	0.003416	-0.203401	
484	-1.898438	2.396073	0.008158	-0.209091	
485	-2.319817	2.109375	-0.051475	-0.147257	
485	-2.267578	2.150357	-0.043147	-0.154794	
486	-2.267578	2.150357	-0.043147	-0.154794	
486	-2.252105	2.162109	-0.040704	-0.157064	
487	-2.252105	2.162109	-0.040704	-0.157064	
487	-2.214844	2.189987	-0.035002	-0.162469	
488	-2.214844	2.189987	-0.035002	-0.162469	
488	-2.180451	2.214844	-0.029787	-0.167551	
489	-2.180451	2.214844	-0.029787	-0.167551	
489	-2.162109	2.227931	-0.027106	-0.170216	
490	-2.162109	2.227931	-0.027106	-0.170216	
490	-2.109375	2.264296	-0.019468	-0.178013	
