1 -41.332537 0.411117 0.029755 1.952477 -0.615644 431.321907 0.000000 
1 -11291.920352 -0.044140 0.028921 0.317885 2.011179 431.341111 0.000000 
1 -49.591821 0.194733 0.001262 2.334327 1.516016 431.328464 0.000000 
1 -2.977578 0.536304 -0.000498 0.815343 0.365924 431.340178 0.000000 
1 -11.190203 -0.172687 -0.010671 1.468472 0.237099 431.353884 0.000000 
1 -11322.744345 0.271974 0.036775 0.669683 0.578454 431.343954 0.000000 
1 -41.513044 -0.007826 -0.001665 1.740481 2.838058 431.321296 0.000000 
1 -11.891294 0.468649 0.011137 1.035745 -0.253041 431.317100 0.000000 
1 -30.918083 0.754255 0.029004 1.333572 0.144620 431.334232 0.000000 
1 -40.564015 0.321441 0.018907 1.486619 2.933134 431.324616 0.000000 
1 -37.248975 0.357598 0.018998 1.847073 2.246819 431.303352 -0.018941 
1 -1.165052 0.221964 0.001269 0.973307 3.296333 431.354157 -0.018941 
1 -10.950467 0.361026 -0.005696 1.113769 -0.583742 431.308803 -0.018941 
1 -11353.695002 0.453166 0.000280 0.785257 -1.466864 431.319379 -0.018941 
1 -2.456843 0.463194 0.040538 0.842207 2.078545 431.333991 -0.018941 
1 -39.679296 0.296199 0.015939 1.508027 3.234754 431.325397 -0.018941 
1 -22.442407 0.418142 0.021534 1.315620 1.296160 431.337776 -0.018941 
1 -45.306003 0.341554 0.016315 1.626361 2.219002 431.351533 -0.018941 
1 -16.250943 0.414435 0.006624 1.010918 3.095098 431.337133 -0.018941 
1 -23.731391 0.298799 -0.002770 1.465553 1.159405 431.335377 -0.018941 
1 0.036124 0.109066 0.027377 1.048774 0.733803 431.338007 -0.120250 
1 -11324.740186 0.898965 0.022733 0.151211 3.431244 431.358150 -0.120250 
1 -12.668908 0.349834 0.030692 1.160105 -0.126142 431.310129 -0.120250 
1 -47.808700 0.517945 -0.004857 2.167204 4.482327 431.328620 -0.120250 
1 -45.228671 0.771945 0.009390 1.966571 0.878265 431.343008 -0.120250 
1 -11293.779578 0.311646 0.015288 1.555170 4.833337 431.327907 -0.120250 
1 -22.442407 0.418142 0.021534 1.315620 1.296160 431.337776 -0.120250 
1 -11292.218238 0.235865 0.008261 0.115752 3.321211 431.320592 -0.120250 
1 -11296.907945 0.684323 0.013751 0.064038 2.759392 431.327433 -0.120250 
1 -34.565992 0.468133 0.023468 1.432952 5.260627 431.329504 -0.120250 
1 -42.351970 0.374933 0.000689 1.522949 3.147684 431.320969 -0.139225 
1 -46.876069 -0.192139 0.021631 1.954938 1.463480 431.317772 -0.139225 
1 -1.981856 0.235463 -0.000739 0.959885 0.941271 431.317740 -0.139225 
1 -48.579881 0.523124 0.027836 1.608187 1.610384 431.322569 -0.139225 
1 -31.805750 0.026020 -0.006794 1.832576 -0.064830 431.327469 -0.139225 
1 -18.625949 0.167266 0.015497 1.451416 0.233385 431.325690 -0.139225 
1 -20.753503 0.040499 -0.001744 1.548140 -0.156837 431.343797 -0.139225 
1 -21.945809 -0.006722 0.025206 1.611192 0.765467 431.327254 -0.139225 
1 -41.126696 -0.020048 0.005171 1.741167 2.778658 431.344903 -0.139225 
1 -11294.310622 0.361568 0.001882 1.155417 5.124094 431.330764 -0.139225 
1 -11.457698 0.667134 0.009924 0.861905 -0.257331 431.294283 -0.232520 
1 -0.270841 0.346354 0.004381 0.915422 -1.322330 431.346601 -0.232520 
1 -9.885570 0.399158 0.011569 1.172812 -2.648767 431.302695 -0.232520 
1 -11297.545821 0.017240 0.011403 0.591799 2.061403 431.315623 -0.232520 
1 -37.463643 0.300517 0.018201 1.602595 4.254926 431.319233 -0.232520 
1 -11290.850757 -0.296491 0.005401 0.056622 0.797870 431.315902 -0.232520 
1 -11293.321647 0.459640 0.016412 0.059167 -0.669296 431.305947 -0.232520 
1 -34.358599 0.110215 0.029624 1.878140 1.582418 431.349686 -0.232520 
1 -52.144904 0.316182 0.040221 2.397590 0.686930 431.325108 -0.232520 
1 -35.776313 0.435894 0.012509 1.745443 0.690158 431.369543 -0.232520 
1 -17.237976 -0.161765 0.007883 1.413615 2.369301 431.275702 -0.329408 
1 -40.882310 0.784418 0.039439 1.753083 -0.040425 431.316449 -0.329408 
1 -41.287161 0.108812 0.030049 2.033248 3.961735 431.334686 -0.329408 
1 -50.293284 0.276893 0.002332 2.338011 1.536412 431.322712 -0.329408 
1 -41.040073 0.464335 0.001419 1.265660 3.086985 431.307603 -0.329408 
1 -11337.937995 0.925029 0.003582 0.185256 0.677518 431.317944 -0.329408 
1 -17.230475 0.695186 0.027110 0.968378 1.075380 431.293488 -0.329408 
1 -11308.394104 -0.254711 0.020407 0.905390 1.581585 431.339284 -0.329408 
1 -11310.385343 0.496514 0.031636 0.411881 2.478098 431.351613 -0.329408 
1 -11323.915247 0.811012 0.034830 0.234511 2.183089 431.366235 -0.329408 
1 -35.748561 0.305683 0.021756 1.822739 1.791401 431.341308 -0.366862 
1 -8.588215 0.220987 0.021126 1.063952 0.720634 431.340949 -0.366862 
1 -45.229513 0.411021 0.021392 1.475087 1.824501 431.310395 -0.366862 
1 -41.142260 0.371200 -0.014590 1.677248 4.388714 431.329733 -0.366862 
1 -11302.897069 0.750964 0.009562 0.119926 2.414600 431.357868 -0.366862 
1 -22.469090 0.189614 0.030505 1.506541 1.121837 431.354924 -0.366862 
1 -14.071000 0.153417 0.025025 1.127543 2.569864 431.342403 -0.366862 
1 -23.195454 0.357606 0.011192 1.412518 1.655115 431.314709 -0.366862 
1 -39.258613 0.153885 0.001105 2.002653 3.091689 431.377621 -0.366862 
1 -11323.915247 0.811012 0.034830 0.234511 2.183089 431.366235 -0.366862 
1 -34.906379 -0.020426 0.004199 1.952243 1.909689 431.350921 -0.389806 
1 -2.304150 0.359622 0.027303 0.904717 3.383206 431.332236 -0.389806 
1 -31.641892 0.029808 0.011028 1.821760 -0.689240 431.346343 -0.389806 
1 -11291.668560 0.000908 0.026664 0.225399 2.875065 431.316403 -0.389806 
1 -64.477585 0.811519 0.005592 2.757826 3.431408 431.344322 -0.389806 
1 -48.499150 0.747142 -0.000808 1.523071 2.858922 431.346558 -0.389806 
1 -51.453775 0.566615 0.022447 2.236585 3.168596 431.336345 -0.389806 
1 -38.457072 0.221685 0.010170 1.949342 2.793421 431.362929 -0.389806 
1 -14.676848 0.546599 0.005386 1.045317 2.023205 431.319676 -0.389806 
1 -26.513826 -0.075597 0.000415 1.740417 -0.870792 431.340048 -0.389806 
1 -28.618468 0.620799 0.014005 1.364172 0.137854 431.340203 -0.412794 
1 -60.106480 0.184713 0.003157 2.681930 -0.384281 431.358069 -0.412794 
1 -12.908750 -0.036360 0.018210 1.420130 -0.467220 431.330919 -0.412794 
1 -52.025001 -0.042442 0.021465 2.467193 1.987167 431.342694 -0.412794 
1 -33.011172 0.721229 0.022032 1.441278 -0.008322 431.355919 -0.412794 
1 -15.461412 0.649355 -0.006442 0.970040 1.374870 431.349358 -0.412794 
1 -38.022119 0.658128 0.029451 1.704339 2.309911 431.371072 -0.412794 
1 -55.811557 0.226532 0.036146 2.541075 0.498800 431.327982 -0.412794 
1 -11312.317990 0.228453 0.013105 0.613969 0.036795 431.309107 -0.412794 
1 -13.314221 0.170682 0.001946 1.165537 1.925008 431.343788 -0.412794 
1 -61.526019 0.425733 -0.001481 2.706676 1.176250 431.281327 -0.458006 
1 -11291.854566 -0.313740 0.011114 0.478476 1.173589 431.309649 -0.458006 
1 -57.884620 0.637962 0.010896 2.549588 -0.188087 431.341369 -0.458006 
1 -40.543068 0.390120 0.008087 1.945264 1.491174 431.335063 -0.458006 
1 -11291.199942 -0.033036 0.013836 0.043551 0.135924 431.300087 -0.458006 
1 -11.338855 0.168733 0.022069 1.110254 1.675597 431.296767 -0.458006 
1 -10.932818 0.107868 0.026780 1.294679 1.082110 431.306693 -0.458006 
1 -50.197184 0.428842 0.009280 2.293665 2.189768 431.354054 -0.458006 
1 -49.257682 0.394689 0.021536 2.196941 3.280051 431.326490 -0.458006 
1 -0.347635 0.247892 0.047451 0.942227 2.114430 431.349384 -0.458006 
1 -64.428292 0.417675 0.036479 2.782512 3.741636 431.317310 -0.458703 
1 -12.296329 -0.014604 0.012864 1.397700 2.380362 431.394079 -0.458703 
1 -79.867297 0.626228 0.009783 3.224846 -0.169809 431.343443 -0.458703 
1 -42.801701 0.739216 0.015826 1.414999 3.994883 431.334121 -0.458703 
1 -45.612274 -0.014712 0.010572 1.853592 2.011480 431.361535 -0.458703 
1 -68.083910 -0.142718 0.012348 2.930662 -0.856833 431.310234 -0.458703 
1 -34.004392 0.269262 0.033783 1.389769 4.034381 431.352988 -0.458703 
1 -57.654527 0.275097 0.010845 2.591935 1.650917 431.345330 -0.458703 
1 -33.534449 0.398888 0.012877 1.691681 0.646556 431.326326 -0.458703 
1 -48.726774 0.456381 0.010466 2.218821 -0.455133 431.352556 -0.458703 
1 -24.079657 0.671783 0.027449 1.180186 1.176749 431.321365 -0.476329 
1 -0.816608 -0.357848 0.003899 1.333987 2.938884 431.349080 -0.476329 
1 -40.083529 0.241005 -0.006608 1.993672 3.133201 431.314254 -0.476329 
1 -0.360013 0.294360 -0.006829 0.943131 0.160455 431.362063 -0.476329 
1 -0.987889 0.487745 0.002350 0.807787 0.339083 431.350109 -0.476329 
1 -4.290537 0.395398 -0.004001 0.943205 2.176287 431.352562 -0.476329 
1 -7.173106 0.639164 0.013326 0.801255 1.469524 431.360916 -0.476329 
1 -11297.167220 -0.010483 -0.013903 0.594029 2.786808 431.360481 -0.476329 
1 -29.404843 -0.287281 -0.012359 1.908502 -0.567691 431.348048 -0.476329 
1 -35.005676 0.779674 0.009850 1.440225 -1.961026 431.311234 -0.476329 
1 -15.116673 0.325483 -0.018811 1.260135 0.270545 431.358743 -0.476769 
1 0.827852 -0.349812 0.003944 1.257673 2.679100 431.354324 -0.476769 
1 -37.573825 0.477765 0.001739 1.791577 2.978153 431.286651 -0.476769 
1 -42.591226 0.629751 0.013332 1.913802 2.111208 431.356149 -0.476769 
1 -25.404984 0.618941 0.035814 1.249509 -1.427576 431.366602 -0.476769 
1 -48.543618 0.661664 0.038413 2.162745 0.920947 431.354018 -0.476769 
1 -42.569402 -0.270617 0.015331 2.254419 1.597289 431.307870 -0.476769 
1 -35.703745 0.011767 0.006766 1.962177 2.263082 431.303105 -0.476769 
1 -39.044508 -0.126963 -0.005340 1.789037 3.369231 431.351361 -0.476769 
1 -22.442932 -0.060870 0.005507 1.646345 -0.035276 431.338882 -0.476769 
1 -34.382922 0.189070 0.004268 1.837619 3.051024 431.302534 -0.477250 
1 -25.645585 0.473534 0.009203 1.395719 1.298814 431.290202 -0.477250 
1 -13.283639 0.032734 -0.000194 1.392030 2.377089 431.302319 -0.477250 
1 -14.051793 0.033965 -0.001057 1.409078 1.939709 431.301358 -0.477250 
1 -47.976156 0.578364 0.009934 2.162635 1.510442 431.339766 -0.477250 
1 -4.514114 0.861535 0.026943 0.543815 0.033778 431.310102 -0.477250 
1 -44.323715 0.195098 0.010890 2.155948 1.351047 431.332953 -0.477250 
1 -43.795233 0.664176 0.006568 1.215537 2.943329 431.302721 -0.477250 
1 -2.344898 0.098940 0.032995 1.097668 2.984186 431.365289 -0.477250 
1 -12.639403 0.023965 0.001593 1.234939 1.918186 431.346007 -0.477250 
1 -41.296468 -0.177426 0.010079 2.190338 1.732015 431.324284 -0.478074 
1 -10.949961 0.609619 0.020218 0.858422 0.357417 431.286521 -0.478074 
1 -19.693068 -0.232285 0.004307 1.660410 1.003682 431.318060 -0.478074 
1 -14.888057 -0.043307 -0.016324 1.547561 -0.379553 431.332432 -0.478074 
1 -38.487557 0.483216 0.015384 1.799690 -0.951138 431.348274 -0.478074 
1 -52.298849 0.310490 0.006019 2.149641 2.333195 431.335779 -0.478074 
1 -35.133479 0.084532 0.027899 1.365892 2.932590 431.335855 -0.478074 
1 -26.837021 -0.351166 0.020909 1.883734 -0.592240 431.318901 -0.478074 
1 -40.164783 0.783035 0.022237 1.185459 4.384961 431.323932 -0.478074 
1 -48.507964 0.008057 0.001884 2.175601 2.822495 431.317449 -0.478074 
1 -18.062361 0.357857 0.031991 1.269481 0.187802 431.315755 -0.478674 
1 -14.683209 0.438180 0.008626 1.060051 1.180074 431.324694 -0.478674 
1 -19.693068 -0.232285 0.004307 1.660410 1.003682 431.318060 -0.478674 
1 -9.213249 0.005246 -0.003905 1.320610 -0.736425 431.363895 -0.478674 
1 -35.350907 -0.030415 0.020928 1.959902 -0.169497 431.319102 -0.478674 
1 -14.670045 0.430893 -0.011269 1.139496 3.047897 431.312677 -0.478674 
1 -27.758991 0.450804 -0.003569 1.470040 0.623885 431.331909 -0.478674 
1 -21.358715 0.589792 0.003282 1.175087 2.243203 431.344799 -0.478674 
1 -30.154378 0.713896 0.018471 1.341701 0.429710 431.326955 -0.478674 
1 -40.855288 0.654683 -0.023734 1.820591 3.235632 431.320496 -0.478674 
1 -0.380094 0.233383 0.038324 0.918749 2.235497 431.276898 -0.479652 
1 -36.031118 0.544441 -0.018157 1.300874 5.728834 431.356731 -0.479652 
1 -19.693068 -0.232285 0.004307 1.660410 1.003682 431.318060 -0.479652 
1 -9.012366 0.158010 0.010580 1.320154 -2.586358 431.343559 -0.479652 
1 -40.113318 0.092049 0.019156 1.539904 2.346078 431.349921 -0.479652 
1 -15.580126 0.355409 0.019609 1.051539 2.473755 431.285370 -0.479652 
1 -41.579569 0.099673 -0.004152 1.688051 3.029134 431.327502 -0.479652 
1 0.876357 -0.020646 0.015458 1.119539 -0.343747 431.302393 -0.479652 
1 -21.609411 0.052558 0.012702 1.569200 0.979982 431.315968 -0.479652 
1 -64.415595 0.383391 0.006100 2.797128 2.144723 431.315154 -0.479652 
1 -34.581177 0.391603 -0.007693 1.731048 1.050701 431.306647 -0.481071 
1 -7.996686 0.538999 0.000575 0.897391 -0.470828 431.320586 -0.481071 
1 -52.848053 0.033530 -0.004417 2.476542 1.920402 431.321485 -0.481071 
1 -15.121251 -0.041067 -0.008958 1.476700 1.745993 431.372611 -0.481071 
1 -45.964703 0.288108 0.031706 2.221483 3.884329 431.356865 -0.481071 
1 -36.656939 0.062524 0.011827 1.519551 3.272351 431.327022 -0.481071 
1 -41.230125 -0.021256 0.013271 1.710014 2.461186 431.339373 -0.481071 
1 -50.807668 0.507377 0.029562 2.298932 0.578150 431.348216 -0.481071 
1 -46.482849 0.290951 0.014168 2.051749 3.391573 431.304724 -0.481071 
1 -38.772743 0.139534 0.009961 1.998262 2.058305 431.324170 -0.481071 
1 -44.387887 0.513068 0.017679 2.033671 0.092003 431.316581 -0.482362 
1 -1.481023 0.396574 0.009547 0.852769 2.909428 431.339892 -0.482362 
1 -56.728119 0.025991 0.042532 2.600971 0.867803 431.340582 -0.482362 
1 -45.498650 0.332996 0.034944 1.626176 1.747863 431.312727 -0.482362 
1 -46.018140 0.036239 -0.008415 2.259059 1.298399 431.338710 -0.482362 
1 -47.295874 0.316265 0.014631 1.727758 1.992631 431.343993 -0.482362 
1 -41.832388 0.276364 0.007857 1.726003 3.537735 431.322529 -0.482362 
1 -3.102683 0.381796 0.017407 0.932091 1.270344 431.304935 -0.482362 
1 -36.409969 0.442941 0.009475 1.767459 3.100585 431.316187 -0.482362 
1 -8.628516 0.428436 0.008113 0.981229 -0.283043 431.329153 -0.482362 
1 -30.429928 0.173523 0.023622 1.730676 1.292680 431.339507 -0.484117 
1 -45.952131 0.680620 0.015168 2.034465 0.254969 431.334773 -0.484117 
1 -57.816195 0.022592 0.042999 2.634407 0.898837 431.340634 -0.484117 
1 -21.969902 0.518331 0.011195 1.241022 -0.914481 431.339901 -0.484117 
1 -51.006549 0.718132 -0.003311 2.201246 4.138551 431.343823 -0.484117 
1 -39.677401 0.343572 0.017958 1.315207 2.713729 431.328902 -0.484117 
1 -47.743666 0.474685 -0.003398 1.579505 2.246925 431.339387 -0.484117 
1 -10.684132 0.354136 0.009553 1.014402 1.216123 431.306284 -0.484117 
1 -91.098205 0.171386 -0.002598 3.365539 0.372181 431.367853 -0.484117 
1 -78.190169 0.290201 0.027297 3.165976 -0.490884 431.293658 -0.484117 
1 -17.864344 0.222086 0.001534 1.364703 0.700370 431.338242 -0.485065 
1 -1.818839 0.274250 0.012153 0.950194 3.730109 431.333709 -0.485065 
1 -21.317601 0.434083 0.021378 1.267958 1.180576 431.395438 -0.485065 
1 -45.784679 0.623895 0.014573 1.588254 3.061009 431.306289 -0.485065 
1 -20.830634 0.021557 0.040864 1.306876 3.120940 431.337319 -0.485065 
1 -37.603832 0.334526 0.045042 1.547039 3.582132 431.308993 -0.485065 
1 -23.003786 0.091177 0.023613 1.580079 1.024434 431.352811 -0.485065 
1 -23.185702 0.113576 0.015726 1.529354 1.550708 431.332038 -0.485065 
1 -28.496271 0.197729 0.021129 1.662293 1.233996 431.323902 -0.485065 
1 -17.025446 0.164366 0.021332 1.259151 1.684115 431.327892 -0.485065 
1 -14.489619 0.385592 0.022101 1.263308 -1.434041 431.353475 -0.486431 
1 -15.196587 0.434714 0.028109 1.025604 1.588546 431.334848 -0.486431 
1 -39.428614 0.027350 0.003828 1.749444 3.469061 431.324701 -0.486431 
1 -41.187758 0.488122 0.018869 1.576068 3.804994 431.339829 -0.486431 
1 -34.368886 0.515756 0.006543 1.634381 -0.450921 431.334227 -0.486431 
1 -46.173351 0.226813 0.023497 1.693281 1.692146 431.307624 -0.486431 
1 -27.964626 0.099339 0.007111 1.690498 -0.331994 431.368366 -0.486431 
1 -45.379384 0.782860 0.011254 0.949874 2.512113 431.311524 -0.486431 
1 -41.394577 0.241538 0.038244 2.029566 -0.553301 431.337747 -0.486431 
1 -36.350290 -0.001526 0.014145 1.496881 2.973386 431.310087 -0.486431 
1 -17.038297 0.127525 0.023315 1.398339 0.245973 431.332467 -0.487807 
1 -42.355463 0.205329 0.012750 1.700763 2.922883 431.311078 -0.487807 
1 -65.376131 0.507470 0.003284 2.812001 2.933962 431.360948 -0.487807 
1 -21.624591 0.075350 -0.005540 1.555391 1.430612 431.350779 -0.487807 
1 -45.189748 0.437718 -0.002961 2.081877 -0.498012 431.327043 -0.487807 
1 -46.492521 0.198747 0.022690 1.739192 1.716597 431.305077 -0.487807 
1 -28.856940 0.030117 0.044020 1.728186 -2.531818 431.297744 -0.487807 
1 -50.003537 -0.093747 0.006056 2.544625 3.707846 431.324865 -0.487807 
1 -15.992684 0.142471 0.022066 1.147980 3.129886 431.353470 -0.487807 
1 -11.051416 -0.177672 0.018656 1.341589 0.970924 431.321372 -0.487807 
1 -41.305419 0.518184 0.030162 1.609588 3.771575 431.301435 -0.488925 
1 -11.975258 0.270208 0.038754 1.201654 -0.714863 431.336000 -0.488925 
1 -48.334716 0.859906 0.029698 1.787823 3.412090 431.307267 -0.488925 
1 -23.530469 0.085628 0.029939 1.582587 -1.181584 431.295443 -0.488925 
1 -45.136759 0.436434 -0.002992 2.080025 -0.514142 431.326967 -0.488925 
1 -22.199389 0.000162 0.020187 1.613363 0.807499 431.316605 -0.488925 
1 -9.917547 -0.130415 -0.005746 1.366296 0.174009 431.331215 -0.488925 
1 -22.677692 0.303411 0.002644 1.436213 1.836815 431.335104 -0.488925 
1 -43.844388 0.536255 -0.002596 2.004831 1.034307 431.317907 -0.488925 
1 -10.958859 -0.244124 -0.011293 1.386699 1.350368 431.307485 -0.488925 
1 -44.490451 0.021746 -0.004672 1.762669 2.301670 431.348266 -0.490533 
1 -44.219006 0.779948 -0.004461 1.077629 3.455993 431.331685 -0.490533 
1 -41.982853 0.316251 0.000376 2.022038 0.528814 431.347985 -0.490533 
1 -48.926992 0.574502 -0.014006 2.198743 2.686663 431.329820 -0.490533 
1 -92.281859 0.085158 -0.009720 3.375660 1.084013 431.359235 -0.490533 
1 -17.764957 0.431624 0.000668 1.218153 0.656669 431.312542 -0.490533 
1 -38.729676 0.248292 0.015182 1.946933 0.947460 431.310374 -0.490533 
1 -11.575821 0.286865 0.030866 1.062913 1.036230 431.320918 -0.490533 
1 -19.391110 0.122102 0.015246 1.460561 -1.186633 431.316047 -0.490533 
1 -46.146984 0.362763 0.029575 2.165071 0.789987 431.297509 -0.490533 
1 -36.661649 0.528564 0.035596 1.726869 0.433676 431.336963 -0.492834 
1 0.412596 -0.253908 0.015138 1.194935 4.005933 431.323158 -0.492834 
1 -19.375608 0.621559 -0.018226 1.093681 1.912745 431.320802 -0.492834 
1 -39.720607 -0.297738 -0.009624 1.807298 2.785429 431.351601 -0.492834 
1 -54.732393 0.081681 0.030782 2.528850 1.317903 431.355448 -0.492834 
1 -28.090756 0.676886 0.024426 1.301526 0.406709 431.339451 -0.492834 
1 -45.316899 0.879309 0.021057 1.910723 -0.921454 431.323688 -0.492834 
1 -16.858906 0.157254 -0.014850 1.216790 3.037571 431.331194 -0.492834 
1 -17.009727 0.387863 0.006441 1.231477 1.669596 431.346300 -0.492834 
1 -30.512344 0.469597 0.002840 1.531127 -0.645549 431.329768 -0.492834 
1 -57.338984 0.235690 0.000043 2.588526 1.569430 431.296295 -0.496622 
1 -43.739243 0.357693 0.009593 1.645206 2.942664 431.339622 -0.496622 
1 -45.458287 0.702640 0.029798 1.018392 1.583923 431.330633 -0.496622 
1 -0.642841 0.235325 0.028084 0.967548 1.876549 431.363580 -0.496622 
1 -44.518900 0.101132 0.029235 2.195433 1.456465 431.358566 -0.496622 
1 -31.898141 0.997115 0.019181 1.111155 0.617701 431.360176 -0.496622 
1 -19.751048 -0.213199 0.017932 1.662479 -0.779965 431.328862 -0.496622 
1 -13.393692 0.429656 0.002217 1.002828 1.881203 431.288150 -0.496622 
1 -75.452605 0.274448 -0.003587 3.104519 -0.143938 431.316923 -0.496622 
1 -47.971760 0.752963 0.025994 1.123109 1.328489 431.347871 -0.496622 
1 -68.259590 0.279932 0.001004 2.915063 1.669368 431.379593 -0.503442 
1 -18.256855 0.643542 0.017529 0.861459 3.454186 431.335670 -0.503442 
1 -41.674521 0.309130 0.014615 2.023650 2.337168 431.294762 -0.503442 
1 -30.387989 -0.180068 0.001380 1.902415 1.228334 431.354605 -0.503442 
1 -38.720728 0.256396 0.010069 1.937434 0.404576 431.333354 -0.503442 
1 -10.636138 0.141478 -0.010161 1.174476 1.150308 431.371867 -0.503442 
1 -39.235798 0.496138 0.021152 1.231586 3.245700 431.315126 -0.503442 
1 -3.227707 -0.009980 0.009161 1.095476 1.441249 431.351885 -0.503442 
1 -43.197103 0.173183 0.013651 1.729509 2.673439 431.328523 -0.503442 
1 -25.000142 0.029110 0.007156 1.654931 -0.316516 431.356787 -0.503442 
1 -24.326883 1.041338 0.021885 0.577699 4.533787 431.363435 -0.514537 
1 -15.334311 0.484630 0.015606 0.940067 2.933636 431.334743 -0.514537 
1 -48.027738 0.215066 0.018443 1.778814 1.596814 431.319340 -0.514537 
1 -12.566697 0.169635 0.021595 1.159472 1.294710 431.290690 -0.514537 
1 -20.969329 0.381261 -0.000843 1.334206 2.473726 431.355065 -0.514537 
1 -18.394873 0.235868 0.009938 1.373987 0.564700 431.327159 -0.514537 
1 -12.785787 0.174061 0.012590 1.316776 -0.811417 431.310077 -0.514537 
1 -49.764910 0.439874 0.008624 2.402408 4.310020 431.332486 -0.514537 
1 -15.736854 -0.287740 0.002684 1.610796 0.363916 431.341766 -0.514537 
1 -41.194753 0.446493 0.011895 1.944288 1.127633 431.292057 -0.514537 
1 -43.893033 0.336091 -0.004282 2.088306 2.146152 431.350995 -0.541669 
1 -15.334311 0.484630 0.015606 0.940067 2.933636 431.334743 -0.541669 
1 -73.385803 -0.052983 0.006702 3.045841 1.826292 431.285305 -0.541669 
1 -6.097614 0.854356 0.030182 0.573673 0.436444 431.334828 -0.541669 
1 -4.559801 0.143057 0.013499 1.009555 1.921811 431.332017 -0.541669 
1 -51.007015 -0.185866 0.002031 2.465203 1.581894 431.339724 -0.541669 
1 -41.876584 0.292196 0.001082 2.035540 1.883762 431.328036 -0.541669 
1 -56.162713 0.089213 0.025710 2.569284 2.533889 431.324455 -0.541669 
1 -30.403676 0.261373 0.021053 1.680790 1.271666 431.291379 -0.541669 
1 -13.368198 0.151708 0.008378 1.314997 -0.166249 431.335651 -0.541669 
1 -18.321920 -0.080446 0.017597 1.571164 1.839777 431.312679 -0.596151 
1 -36.119811 0.725573 0.013135 1.147506 5.644762 431.332580 -0.596151 
1 -14.160442 0.405056 0.007588 1.150936 1.945406 431.338135 -0.596151 
1 -29.144234 0.586437 0.018118 1.414866 0.765502 431.342595 -0.596151 
1 -26.980529 -0.246758 0.033271 1.844672 -0.315798 431.345185 -0.596151 
1 -40.595619 0.383359 0.012643 1.935717 -0.420775 431.330605 -0.596151 
1 -11.800233 -0.180248 0.015486 1.485653 0.102292 431.323199 -0.596151 
1 -75.987700 0.557288 0.012255 3.128796 0.613537 431.288289 -0.596151 
1 -46.662249 0.080520 0.007966 2.063597 2.923083 431.316631 -0.596151 
1 -32.980286 0.073764 0.022463 1.844022 -0.436015 431.286630 -0.596151 
1 -15.730842 0.760246 -0.000738 0.864234 0.886377 431.338681 -0.691908 
1 -45.520004 0.521108 0.005534 2.081441 1.227314 431.316272 -0.691908 
1 -19.477367 0.394772 0.003069 1.287065 1.833048 431.336113 -0.691908 
1 -46.435471 0.151889 0.013371 1.831975 2.142061 431.301113 -0.691908 
1 -38.679529 0.388013 -0.005342 1.871644 0.683901 431.345332 -0.691908 
1 -21.077243 0.367715 0.025315 1.347172 0.483496 431.315962 -0.691908 
1 -0.846989 -0.052504 0.015643 1.131659 4.411314 431.338748 -0.691908 
1 -51.932950 0.413534 -0.009831 2.164183 3.034693 431.328664 -0.691908 
1 -21.847019 0.011271 0.020394 1.600185 1.657267 431.324618 -0.691908 
1 -17.998237 0.190465 -0.008959 1.119272 4.636252 431.311366 -0.691908 
1 -13.148593 0.300446 -0.004084 1.154797 0.775792 431.331132 -0.765882 
1 -8.501646 0.731549 -0.004900 0.737956 2.486478 431.287830 -0.765882 
1 -11.033547 0.147275 0.020198 1.148938 1.071530 431.350675 -0.765882 
1 -14.496761 0.227220 0.013337 1.174282 1.454264 431.366208 -0.765882 
1 -12.219267 0.397463 0.033624 1.114383 0.538311 431.316741 -0.765882 
1 -58.550787 0.573235 0.017051 2.566770 3.809681 431.318021 -0.765882 
1 -1.231891 -0.032953 0.015419 1.135428 4.283387 431.339033 -0.765882 
1 -34.382195 0.461505 -0.013390 1.681180 1.116552 431.321524 -0.765882 
1 -45.238422 -0.165828 0.003780 2.509972 4.736962 431.328025 -0.765882 
1 0.290509 0.074701 -0.018864 1.089773 -0.970063 431.340063 -0.765882 
1 -13.148593 0.300446 -0.004084 1.154797 0.775792 431.331132 -0.858853 
1 -51.598550 0.295556 0.002997 2.377897 2.211371 431.348953 -0.858853 
1 -3.077312 0.488774 0.003647 0.855538 0.317396 431.334895 -0.858853 
1 -22.373430 -0.354111 0.003186 1.637738 2.640460 431.353380 -0.858853 
1 -40.078999 0.590102 0.007287 1.823473 0.624747 431.320614 -0.858853 
1 -48.722787 0.086672 -0.013552 2.326985 0.407751 431.297018 -0.858853 
1 -57.433402 0.152822 0.004683 2.601641 1.402124 431.358889 -0.858853 
1 -6.692118 0.337737 0.014358 1.075640 -2.178463 431.315672 -0.858853 
1 -3.151150 0.470610 -0.012007 0.793479 4.545468 431.365501 -0.858853 
1 -41.911800 0.754963 0.006844 1.162293 3.956415 431.357829 -0.858853 
1 -44.044489 0.450461 -0.000638 2.049781 1.106064 431.291839 -0.964605 
1 -29.811981 0.524706 -0.008648 1.485874 2.048073 431.337819 -0.964605 
1 -53.099417 0.561400 0.020632 2.376325 2.140224 431.306560 -0.964605 
1 -39.690040 0.489462 0.033994 1.761575 4.653437 431.330105 -0.964605 
1 -4.952624 0.549558 0.018856 0.841357 0.074485 431.344160 -0.964605 
1 -23.426252 -0.026734 0.001889 1.658593 1.509224 431.311159 -0.964605 
1 -58.667935 0.146881 0.004429 2.641395 1.433874 431.359104 -0.964605 
1 -38.443025 0.240740 0.001448 1.899377 -1.890728 431.285001 -0.964605 
1 -8.732967 0.636407 -0.012953 0.851657 -0.497868 431.294123 -0.964605 
1 -28.095281 -0.085976 -0.002487 1.786190 -0.657896 431.330895 -0.964605 
1 -17.647764 0.663724 0.021866 0.914252 1.768962 431.332059 -1.053309 
1 -22.173756 0.670994 -0.013533 1.153713 1.509157 431.342159 -1.053309 
1 -13.149942 0.210673 0.031825 1.272866 0.542481 431.318443 -1.053309 
1 -59.090173 0.454624 0.015576 2.605748 3.246756 431.370775 -1.053309 
1 -13.429855 0.710502 0.024879 0.851520 -0.113791 431.359890 -1.053309 
1 -35.057064 -0.002512 0.006362 1.946191 3.224982 431.336563 -1.053309 
1 -21.566456 0.276409 0.010529 1.423177 0.544356 431.343882 -1.053309 
1 -1.142034 0.229963 0.004455 0.962811 3.431969 431.360124 -1.053309 
1 -6.387288 0.862004 0.034142 0.561327 1.782055 431.313902 -1.053309 
1 -45.042498 0.046652 -0.011976 2.224856 1.291020 431.335300 -1.053309 
1 -70.610881 0.156485 0.008539 2.967570 3.553586 431.366570 -1.165023 
1 -53.401789 0.220815 0.030276 2.457396 0.362617 431.379769 -1.165023 
1 -0.467269 0.362879 0.030041 0.880008 0.856366 431.351776 -1.165023 
1 -38.750098 0.814853 0.028584 1.633052 0.666788 431.344316 -1.165023 
1 -13.131567 0.671161 0.023920 0.880463 -0.133476 431.360894 -1.165023 
1 0.246555 -0.026673 -0.004358 1.126538 1.297895 431.308953 -1.165023 
1 -29.655215 0.391922 0.006350 1.571938 0.984323 431.350370 -1.165023 
1 -16.612366 -0.083305 0.011975 1.375709 2.022961 431.358283 -1.165023 
1 -58.078607 0.070121 0.023320 2.637605 0.934930 431.268283 -1.165023 
1 -41.036522 0.180698 0.002802 2.043173 0.222470 431.335878 -1.165023 
1 -38.098024 0.315470 0.023864 1.894989 2.596685 431.350881 -1.247120 
1 -15.107122 0.337718 0.007389 1.006228 3.658260 431.326879 -1.247120 
1 -16.934111 0.201625 0.025242 1.350756 0.148891 431.359809 -1.247120 
1 -39.915117 0.255619 0.010554 1.971425 -0.223841 431.327037 -1.247120 
1 -4.053594 0.606442 0.024486 0.767341 1.303972 431.346097 -1.247120 
1 -28.482630 0.604005 0.022236 1.377795 0.617945 431.353765 -1.247120 
1 -22.894931 0.624398 0.015416 1.182093 -0.043148 431.342680 -1.247120 
1 -38.207694 0.420950 0.000443 1.840339 0.746189 431.324692 -1.247120 
1 -10.796171 0.557141 0.029401 0.918000 -0.380852 431.329472 -1.247120 
1 -41.429676 0.377712 -0.006517 1.385254 3.112998 431.329977 -1.247120 
1 -42.372084 0.084001 0.032996 1.702108 2.102272 431.290676 -1.314143 
1 -15.089958 0.294261 0.040196 1.107512 1.482405 431.379665 -1.314143 
1 -1.819195 0.451347 0.004679 0.853285 0.903369 431.319074 -1.314143 
1 -13.530043 0.152696 0.012204 1.197276 1.449441 431.316635 -1.314143 
1 -16.086511 0.377999 -0.017704 1.082780 2.740285 431.346466 -1.314143 
1 -8.391766 0.231643 0.004290 1.092879 0.236562 431.303544 -1.314143 
1 -10.216091 0.176390 0.012794 1.226132 -1.656933 431.317209 -1.314143 
1 -38.050979 -0.122648 0.017625 1.789128 3.237487 431.333361 -1.314143 
1 -1.880359 0.489964 0.046373 0.800360 2.362549 431.312256 -1.314143 
1 -18.185447 0.653307 0.003688 1.049434 0.621077 431.302077 -1.314143 
1 -37.570575 0.260820 0.033728 1.506248 3.342197 431.358575 -1.380571 
1 -15.855782 0.582262 0.006462 0.830889 4.406712 431.320700 -1.380571 
1 -47.077095 0.495434 0.017164 1.492404 1.774636 431.341233 -1.380571 
1 -11.100489 0.125570 0.012546 1.140808 1.686583 431.334022 -1.380571 
1 -23.876105 0.253380 -0.010457 1.495027 0.423881 431.345558 -1.380571 
1 -9.121235 0.405524 0.010181 0.995830 -0.008227 431.328470 -1.380571 
1 -13.993509 -0.251626 0.034479 1.568745 -0.599196 431.329607 -1.380571 
1 -0.404726 -0.286561 0.027953 1.283033 2.741629 431.301629 -1.380571 
1 -0.897975 0.204443 0.015516 0.966343 3.640260 431.325022 -1.380571 
1 -19.002386 0.752594 0.009161 0.953406 1.288368 431.321973 -1.380571 
1 -4.083087 0.687203 -0.005689 0.700710 1.314606 431.350291 -1.456853 
1 -41.588606 0.519922 0.021301 1.913533 -0.386113 431.309136 -1.456853 
1 -17.717030 0.102715 0.039467 1.259834 2.069823 431.300194 -1.456853 
1 -19.614962 0.103983 0.011208 1.230376 3.751296 431.321780 -1.456853 
1 -20.984767 -0.123637 0.005322 1.636614 -1.212074 431.310873 -1.456853 
1 -2.533353 0.111071 -0.008073 1.110566 1.757470 431.339616 -1.456853 
1 -43.158531 0.561795 0.014643 1.970315 2.241267 431.319993 -1.456853 
1 -15.341332 -0.024343 0.026948 1.247352 2.650897 431.295550 -1.456853 
1 -14.722533 0.067109 0.019723 1.281311 1.288463 431.325217 -1.456853 
1 -29.206277 0.514529 0.030586 1.461745 -0.785911 431.310062 -1.456853 
1 -34.922384 0.469423 -0.012796 1.675110 -0.636009 431.338582 -1.524966 
1 -2.618489 0.500156 0.011141 0.822535 1.835554 431.331422 -1.524966 
1 -1.508058 0.108502 0.003759 1.071343 3.032873 431.290447 -1.524966 
1 -61.714483 0.330992 0.007979 2.717822 1.598385 431.354426 -1.524966 
1 -5.393187 0.561753 0.013025 0.822582 3.033777 431.292649 -1.524966 
1 -15.763000 0.250108 0.031685 1.303484 1.928430 431.329019 -1.524966 
1 0.658289 -0.317533 -0.000928 1.238491 2.999712 431.349185 -1.524966 
1 -0.237724 0.087085 -0.002556 1.065539 1.562241 431.320549 -1.524966 
1 -41.275555 0.098559 0.003767 2.090522 1.120299 431.314254 -1.524966 
1 -11.302324 0.190067 0.009716 1.246934 1.142623 431.343241 -1.524966 
1 -22.253378 -0.108793 0.010839 1.676704 1.820175 431.277392 -1.621850 
1 -33.518294 0.308352 0.014595 1.744805 0.765026 431.335201 -1.621850 
1 -9.391164 0.006818 0.001008 1.266271 0.138345 431.361190 -1.621850 
1 -48.114079 0.512191 0.000783 2.188394 1.616183 431.340362 -1.621850 
1 -13.494588 0.263009 -0.001721 1.085826 2.517374 431.338243 -1.621850 
1 -33.152286 0.341794 0.012173 1.711566 0.529350 431.344491 -1.621850 
1 -48.317106 0.591443 0.015371 2.172652 1.619299 431.357930 -1.621850 
1 -26.926671 0.428527 0.017013 1.455778 -0.329270 431.354424 -1.621850 
1 -25.774932 0.314349 0.017326 1.512064 1.209336 431.345128 -1.621850 
1 -0.319445 0.094058 0.037099 1.056644 1.812086 431.304030 -1.621850 
1 0.198267 -0.009902 0.015061 1.070138 2.314585 431.296068 -1.669184 
1 -2.858382 0.346212 0.005652 0.955692 1.123882 431.332279 -1.669184 
1 0.617559 -0.147375 0.044982 1.174292 1.864934 431.308833 -1.669184 
1 -16.472340 0.419766 -0.003310 0.992784 3.722834 431.326165 -1.669184 
1 -17.460975 0.681735 0.012912 0.860278 2.616560 431.353404 -1.669184 
1 -13.545131 0.244891 0.044351 1.060809 2.132979 431.320787 -1.669184 
1 -0.304041 0.141927 0.022449 1.025799 1.676257 431.348247 -1.669184 
1 -35.806057 0.605375 0.010134 1.640315 0.409532 431.334194 -1.669184 
1 -20.810483 0.332547 0.019459 1.349218 0.942958 431.347435 -1.669184 
1 -0.319445 0.094058 0.037099 1.056644 1.812086 431.304030 -1.669184 
1 -27.686290 0.401963 0.014565 1.497494 -0.256706 431.348477 -1.742974 
1 -40.496115 0.766379 -0.004150 1.746254 2.455632 431.321543 -1.742974 
1 -0.660813 -0.280877 0.009396 1.293246 2.327216 431.354794 -1.742974 
1 -22.018323 0.433923 0.007218 1.308605 1.369904 431.326943 -1.742974 
1 -8.607383 0.493843 0.022879 0.959633 -1.288155 431.299242 -1.742974 
1 -24.595727 -0.310569 0.009552 1.480652 5.223042 431.306230 -1.742974 
1 -3.369033 0.386099 0.011160 0.933933 1.561236 431.273340 -1.742974 
1 0.437015 0.171126 0.029652 1.013346 -1.132189 431.380975 -1.742974 
1 -1.119874 0.082591 0.010709 1.110301 -1.020239 431.358309 -1.742974 
1 -43.023874 0.671539 0.023600 1.080461 2.493312 431.317406 -1.742974 
1 -1.219626 0.211369 0.005828 0.992814 2.810220 431.317222 -1.798956 
1 -9.629345 0.260841 -0.004091 1.091420 0.683443 431.338778 -1.798956 
1 -12.881868 0.331682 0.024205 0.977774 2.985576 431.362242 -1.798956 
1 -18.796933 0.525364 0.013840 1.164801 1.076834 431.305957 -1.798956 
1 -11.344751 0.167204 -0.004591 1.263388 1.336637 431.360856 -1.798956 
1 -22.319615 0.332441 0.005483 1.086831 5.092597 431.307574 -1.798956 
1 -18.469155 0.291578 0.026355 1.338493 1.184506 431.342632 -1.798956 
1 -0.482044 0.005757 -0.006307 1.161994 -2.560255 431.349754 -1.798956 
1 -18.161107 0.194452 0.035897 1.398001 0.905762 431.349884 -1.798956 
1 -18.914115 0.483832 0.021340 1.042053 2.546652 431.330166 -1.798956 
1 -21.629046 0.183006 0.009130 1.272428 3.375139 431.301723 -1.907155 
1 -45.818173 0.474579 0.011750 1.895292 3.624653 431.336048 -1.907155 
1 -0.130797 -0.343569 0.008185 1.323446 1.286966 431.320874 -1.907155 
1 -36.529688 0.069170 0.023035 1.939853 -0.906015 431.366062 -1.907155 
1 -0.999335 0.305498 0.017355 0.939893 1.003859 431.343452 -1.907155 
1 -35.443308 0.420885 0.010265 1.744767 3.116126 431.349023 -1.907155 
1 -25.532486 0.555875 -0.001207 1.960415 -1.888555 431.322308 -1.907155 
1 -1.448737 0.016109 0.037852 1.114136 3.987114 431.345169 -1.907155 
1 -44.340176 -0.034228 0.015762 2.092480 3.213608 431.316689 -1.907155 
1 -0.450973 0.405910 0.025373 0.837358 0.836413 431.337127 -1.907155 
1 -25.489348 0.612783 0.051772 1.273039 -0.309294 431.312810 -1.947585 
1 -1.257011 0.465816 0.015234 0.828672 0.621934 431.315407 -1.947585 
1 -15.258460 0.442722 0.014324 1.146199 0.730801 431.352026 -1.947585 
1 -36.740336 0.067118 0.022902 1.948193 -0.819579 431.364706 -1.947585 
1 -1.404806 0.316947 0.031987 0.939578 1.066916 431.343827 -1.947585 
1 0.628890 -0.046266 0.030014 1.115117 1.507785 431.310681 -1.947585 
1 -0.371486 0.138111 0.001553 0.995807 1.937957 431.340359 -1.947585 
1 -2.495836 0.003674 0.040189 1.014814 3.401881 431.348141 -1.947585 
1 -21.448156 0.479269 0.022944 1.258732 0.962382 431.343184 -1.947585 
1 -0.246646 0.020513 0.020147 1.111741 1.181147 431.329763 -1.947585 
1 -13.458394 -0.052851 0.024569 1.440716 -0.479820 431.333287 -2.016734 
1 -4.125444 0.481345 0.015893 0.879989 0.582359 431.312767 -2.016734 
1 -33.959109 0.211177 0.022942 1.809735 0.463436 431.358861 -2.016734 
1 -39.763167 0.317585 0.014020 1.950133 2.348725 431.383319 -2.016734 
1 -1.075504 0.024177 0.011315 1.132901 1.323828 431.291144 -2.016734 
1 -21.952179 0.483934 0.016425 1.280717 0.809119 431.338442 -2.016734 
1 -9.552528 0.281352 -0.006399 1.086304 0.520686 431.348076 -2.016734 
1 0.206055 -0.000040 0.039436 1.053988 3.424509 431.354021 -2.016734 
1 -44.152649 0.240050 -0.006875 1.656106 2.759539 431.374369 -2.016734 
1 0.194703 0.075854 0.023487 1.029832 2.300694 431.299548 -2.016734 
1 -23.149675 0.164448 -0.002153 1.525940 -0.695849 431.305918 -2.067325 
1 -10.598020 0.439065 0.008081 0.959916 1.108749 431.333944 -2.067325 
1 -0.795347 0.384149 0.025413 0.873439 1.003179 431.320309 -2.067325 
1 -23.050087 0.085066 0.007849 1.585767 1.830564 431.334317 -2.067325 
1 -0.999245 -0.140190 0.026576 1.224121 1.937493 431.338231 -2.067325 
1 -25.792789 0.477179 0.016357 1.392552 0.349875 431.327438 -2.067325 
1 -13.163853 0.602381 0.007214 0.857100 2.052883 431.353007 -2.067325 
1 -11.781813 0.286896 0.026596 1.188591 0.642793 431.328271 -2.067325 
1 -9.219080 0.198034 0.028119 1.080642 0.809665 431.314150 -2.067325 
1 -0.797864 -0.108655 0.033023 1.142145 -0.011698 431.348171 -2.067325 
1 -22.505033 0.232974 0.021255 1.434766 1.400860 431.295703 -2.113488 
1 -12.607534 0.397542 0.004386 1.122471 1.560776 431.348867 -2.113488 
1 0.137084 0.191308 0.016522 0.987767 0.801547 431.324418 -2.113488 
1 0.956958 -0.149831 0.046404 1.138822 1.136037 431.367782 -2.113488 
1 -3.776951 0.388024 0.007637 0.928988 2.927395 431.332435 -2.113488 
1 -11.789591 0.073415 0.020549 1.335319 1.629471 431.287985 -2.113488 
1 -12.644123 0.231143 0.011324 1.247160 0.407471 431.320517 -2.113488 
1 -2.326025 0.097524 0.033062 1.119390 0.273479 431.324333 -2.113488 
1 -16.271848 0.267016 0.005542 1.332503 -0.035920 431.299651 -2.113488 
1 -8.486554 0.130080 0.027697 1.184045 -0.754619 431.307603 -2.113488 
1 -2.887638 0.172799 0.011201 1.087121 -1.081953 431.343531 -2.155573 
1 -12.623310 0.398044 0.004360 1.122415 1.560306 431.348907 -2.155573 
1 -15.295058 0.501779 0.004705 1.016538 1.499660 431.336560 -2.155573 
1 -2.422891 -0.144775 0.031815 1.165035 0.573791 431.339965 -2.155573 
1 -3.777062 0.395807 0.007496 0.923161 2.906313 431.333089 -2.155573 
1 -30.333857 0.294367 0.020940 1.655949 0.942760 431.350789 -2.155573 
1 -0.258827 0.182775 0.022182 0.960640 1.777055 431.303884 -2.155573 
1 0.169320 -0.105222 0.024835 1.170588 1.699245 431.288036 -2.155573 
1 -0.918062 0.106109 0.008627 1.092112 -0.977813 431.277589 -2.155573 
1 -11.127694 -0.153669 0.008270 1.455682 2.514599 431.326298 -2.155573 
1 -9.609698 -0.098097 0.020865 1.394042 0.992019 431.369939 -2.248354 
1 -13.642333 0.057817 0.018092 1.149264 3.141244 431.343913 -2.248354 
1 -3.231359 -0.006260 0.007815 1.155475 5.706423 431.356532 -2.248354 
1 -12.300153 0.034585 0.012078 1.258345 1.077017 431.313511 -2.248354 
1 -43.179372 0.381716 -0.006061 2.029195 -0.285154 431.316567 -2.248354 
1 0.284755 -0.031386 0.027648 1.094251 2.830118 431.320585 -2.248354 
1 -17.727146 0.366622 0.001674 1.091021 2.991432 431.328741 -2.248354 
1 -41.844794 0.816127 0.028642 1.058017 3.557686 431.331396 -2.248354 
1 -9.150489 0.259232 0.001835 1.096542 0.217454 431.335943 -2.248354 
1 -26.738222 0.472536 0.022853 1.423673 0.272690 431.355010 -2.248354 
1 -15.148678 -0.046163 0.022062 1.465300 -0.059842 431.321464 -2.275055 
1 -1.856952 0.168718 0.003171 1.039841 3.021776 431.326693 -2.275055 
1 -1.901570 0.542386 0.014607 0.768598 1.650791 431.346108 -2.275055 
1 -10.670841 0.007391 0.007334 1.229580 1.235611 431.311322 -2.275055 
1 -2.566597 0.366836 0.008739 0.939641 0.074021 431.346191 -2.275055 
1 -7.408711 -0.117267 0.010462 1.334423 4.911227 431.362482 -2.275055 
1 0.426298 0.056722 0.008659 1.053951 1.271984 431.350307 -2.275055 
1 0.305101 0.046252 0.028687 1.054904 -0.276944 431.365967 -2.275055 
1 -0.355141 0.423817 0.004443 0.854938 -0.776835 431.340083 -2.275055 
1 -17.390940 0.470170 0.018972 1.175323 0.963193 431.333109 -2.275055 
1 -15.411453 -0.265436 0.018828 1.608216 1.841625 431.322395 -2.321355 
1 -0.336132 0.170551 -0.001864 1.001034 2.026091 431.350674 -2.321355 
1 -35.963391 0.245954 0.020294 1.859570 2.490384 431.340935 -2.321355 
1 -1.880356 0.594990 -0.004410 0.732811 0.438696 431.285500 -2.321355 
1 -16.500844 0.022666 0.021000 1.469451 1.301739 431.352201 -2.321355 
1 -2.373819 0.198206 0.017707 1.004831 4.838073 431.349675 -2.321355 
1 0.028621 0.152442 0.013512 1.009943 1.384130 431.351295 -2.321355 
1 -1.867713 0.131342 0.000231 1.096287 -1.302033 431.349069 -2.321355 
1 -15.214356 0.881233 0.011760 0.736337 0.224701 431.351490 -2.321355 
1 -0.486652 0.232967 0.038982 0.984216 0.046842 431.346921 -2.321355 
1 -6.465121 0.605802 0.003093 0.715868 3.609787 431.322763 -2.359546 
1 -2.325884 0.277197 0.011504 0.996790 0.671868 431.311041 -2.359546 
1 -4.654680 0.663291 0.007627 0.733128 0.963757 431.393046 -2.359546 
1 -16.411110 0.286306 0.020624 1.147166 1.961570 431.288467 -2.359546 
1 -3.051279 0.583640 0.002106 0.765283 1.730455 431.313193 -2.359546 
1 -1.015070 0.106238 0.021473 1.030985 4.338315 431.352029 -2.359546 
1 -14.789509 0.073011 0.013865 1.256267 1.757415 431.302693 -2.359546 
1 -16.248291 0.458802 0.027682 1.027775 1.740423 431.346102 -2.359546 
1 -0.805451 0.103325 -0.000333 1.058042 2.618756 431.332449 -2.359546 
1 -4.490303 0.382210 0.015394 0.836530 3.401384 431.283086 -2.359546 
1 -1.720785 0.050616 0.023485 0.976832 5.838841 431.334686 -2.380777 
1 -2.106806 0.429886 0.017809 0.818091 4.165873 431.321709 -2.380777 
1 -1.498304 0.539759 0.009470 0.763527 1.222712 431.301469 -2.380777 
1 -13.409163 -0.133445 0.008382 1.344516 1.687616 431.362962 -2.380777 
1 0.419362 0.003229 0.021814 1.065941 1.686368 431.320898 -2.380777 
1 -0.761452 0.285199 0.012134 0.958429 0.038313 431.353447 -2.380777 
1 -1.140133 0.442909 0.023806 0.806753 1.400464 431.312852 -2.380777 
1 -13.776622 -0.061038 0.000920 1.301166 2.056746 431.366835 -2.380777 
1 -0.155453 0.073092 0.026525 1.078265 0.772815 431.344542 -2.380777 
1 -0.848858 0.184546 0.008864 1.004259 2.435803 431.368890 -2.380777 
1 0.890226 -0.443746 0.028697 1.279730 1.960896 431.323698 -2.420848 
1 -0.761544 0.275985 0.007630 0.914903 2.540573 431.322589 -2.420848 
1 -5.722414 -0.077577 -0.002045 1.372649 -2.616861 431.312300 -2.420848 
1 -22.549982 0.432786 0.001881 1.332109 0.168058 431.353953 -2.420848 
1 -11.645227 0.143939 0.015461 1.161377 1.256374 431.358076 -2.420848 
1 -0.798642 0.035441 0.023596 1.091739 3.309325 431.290952 -2.420848 
1 -2.840815 -0.029534 0.008862 1.180736 4.360150 431.290946 -2.420848 
1 -15.133929 0.327901 0.011806 1.148794 1.145354 431.328781 -2.420848 
1 -11.349911 0.015268 0.029062 1.277718 0.182990 431.336141 -2.420848 
1 0.181406 -0.125517 0.003486 1.183418 1.734740 431.333437 -2.420848 
1 -1.105510 -0.133848 0.034919 1.221166 2.096953 431.323671 -2.452539 
1 -1.027144 0.096132 -0.015447 1.086876 1.459589 431.312199 -2.452539 
1 -9.117451 0.208157 -0.008554 1.073695 1.667234 431.335303 -2.452539 
1 -3.521851 0.622699 0.021335 0.732317 2.286864 431.336888 -2.452539 
1 -1.655971 0.071639 -0.008613 1.104577 2.743528 431.341170 -2.452539 
1 -1.398134 0.193303 0.019715 0.995201 3.778782 431.293670 -2.452539 
1 -0.779017 -0.152044 -0.001006 1.179116 5.092053 431.307033 -2.452539 
1 -7.850584 -0.195890 0.007966 1.312444 0.521748 431.330549 -2.452539 
1 -15.077969 0.615137 -0.005505 0.937471 1.472830 431.329457 -2.452539 
1 -11.562860 0.176065 0.005389 1.212648 0.228713 431.304515 -2.452539 
1 -10.144337 -0.098569 0.023398 1.406060 1.355008 431.312368 -2.491848 
1 0.376836 -0.116402 0.013762 1.125113 2.383728 431.333483 -2.491848 
1 -3.421367 0.220123 -0.008409 1.057510 1.652348 431.336037 -2.491848 
1 -7.148157 0.724494 0.016779 0.716122 2.158271 431.337174 -2.491848 
1 -2.347819 0.096934 0.031432 1.092993 3.529323 431.354644 -2.491848 
1 -2.433473 0.015368 0.030911 1.156582 2.822269 431.359429 -2.491848 
1 -4.892301 -0.037990 0.014307 1.276099 -2.152393 431.316160 -2.491848 
1 -16.145704 0.162689 0.027277 1.238095 1.505562 431.338037 -2.491848 
1 -14.372061 0.491204 -0.015024 1.026061 1.487660 431.332980 -2.491848 
1 -1.733122 0.411675 0.046983 0.875008 0.937504 431.364959 -2.491848 
1 -12.024112 -0.022558 -0.001386 1.485567 -1.378259 431.345946 -2.522729 
1 -1.944128 0.238076 0.012092 1.003114 2.104986 431.334639 -2.522729 
1 -2.461889 0.491988 0.033295 0.822770 1.759978 431.357887 -2.522729 
1 -5.654172 0.707202 0.019836 0.703580 2.117785 431.292951 -2.522729 
1 -3.087451 0.516253 0.004274 0.795685 3.647661 431.342483 -2.522729 
1 -5.400583 0.787920 -0.000052 0.631051 1.180339 431.309580 -2.522729 
1 -4.707017 -0.174128 0.015535 1.306278 4.943578 431.321412 -2.522729 
1 -4.029438 0.107703 0.001390 1.154062 -0.864780 431.312038 -2.522729 
1 -11.183335 0.592251 0.029962 0.822680 1.476388 431.297468 -2.522729 
1 0.330917 -0.033280 0.010977 1.137159 0.404700 431.364786 -2.522729 
1 -7.069417 -0.103362 0.004004 1.317817 5.074109 431.327784 -2.542127 
1 -0.564025 0.155688 0.007561 1.039571 0.618123 431.313264 -2.542127 
1 -3.637918 0.303375 0.011786 1.008111 0.184371 431.325141 -2.542127 
1 -7.492246 0.785975 -0.000817 0.671819 0.731207 431.351940 -2.542127 
1 -1.742225 0.342518 0.032306 0.896926 3.539888 431.354989 -2.542127 
1 -3.469577 0.464715 0.004314 0.881422 0.599522 431.311619 -2.542127 
1 -4.675672 0.514084 0.014690 0.853830 2.178707 431.356174 -2.542127 
1 0.023015 0.107729 0.011969 1.069164 -1.001006 431.306662 -2.542127 
1 0.236675 0.222596 -0.002429 0.998493 -2.064911 431.322109 -2.542127 
1 -1.686704 0.024965 0.011841 1.074368 0.787985 431.299368 -2.542127 
1 -15.206173 0.048824 0.015570 1.471321 -0.614531 431.326567 -2.603838 
1 -14.152360 0.551373 0.016504 1.029621 1.631140 431.309421 -2.603838 
1 -22.737623 0.761971 0.009538 0.838190 4.335300 431.324375 -2.603838 
1 -6.701348 0.656364 0.021960 0.770215 2.310820 431.326638 -2.603838 
1 -0.094797 -0.004331 0.049762 1.126570 0.509390 431.301410 -2.603838 
1 -5.847697 0.473249 -0.000480 0.923634 0.486829 431.300581 -2.603838 
1 -1.986489 0.105110 0.000389 1.102795 1.376526 431.383264 -2.603838 
1 -1.382175 -0.031787 0.027234 1.186891 -1.673077 431.357061 -2.603838 
1 -16.809103 0.692776 0.015540 0.959302 1.833948 431.319990 -2.603838 
1 -11.130192 -0.291949 0.001377 1.573820 -1.018556 431.332580 -2.603838 
1 -8.745507 -0.057604 0.016122 1.458751 -2.701901 431.330053 -2.659698 
1 -12.514625 0.514382 0.004891 0.956325 1.052609 431.359356 -2.659698 
1 0.421543 -0.067607 0.031915 1.114522 2.716865 431.305741 -2.659698 
1 -7.459006 0.621342 0.014875 0.828197 -0.411624 431.332970 -2.659698 
1 -18.696760 0.356904 0.019558 1.295990 2.097193 431.331156 -2.659698 
1 -7.740813 0.487112 0.022218 0.785259 3.814587 431.325953 -2.659698 
1 -8.936357 0.072223 -0.004084 1.165026 1.258504 431.286017 -2.659698 
1 0.153398 0.089938 0.023253 1.028955 2.211186 431.319208 -2.659698 
1 -22.185949 0.101500 0.014973 1.538664 -1.085984 431.341337 -2.659698 
1 0.598685 0.219995 0.041463 0.948753 0.079771 431.338400 -2.659698 
1 -24.042238 0.152126 0.014465 1.571129 1.702967 431.310921 -2.690882 
1 0.409170 -0.013811 -0.008526 1.134691 -0.387849 431.344831 -2.690882 
1 -2.274086 -0.202998 0.024804 1.279287 3.531435 431.306347 -2.690882 
1 -3.179455 0.047086 0.003297 1.176628 -1.283723 431.291905 -2.690882 
1 -3.545722 0.412312 0.033197 0.908547 2.202673 431.338623 -2.690882 
1 -1.269795 0.339151 0.025114 0.871360 3.661940 431.325582 -2.690882 
1 -1.623272 0.616060 0.017830 0.704420 0.402757 431.348484 -2.690882 
1 -2.196499 0.314122 0.028980 0.971671 -0.691009 431.311920 -2.690882 
1 -6.260835 0.559031 0.009168 0.860077 -0.047169 431.334358 -2.690882 
1 -1.589660 0.236331 0.033441 1.002789 0.985645 431.357802 -2.690882 
1 -12.857834 0.507784 0.012313 0.934096 1.629413 431.311568 -2.742620 
1 -0.462391 0.023998 0.000436 1.088005 -0.115554 431.347871 -2.742620 
1 -5.901110 0.115255 0.036288 1.131346 -1.043176 431.333501 -2.742620 
1 -1.897928 0.182944 0.011530 1.056435 0.123570 431.296509 -2.742620 
1 -13.994287 0.156745 0.029445 1.326748 1.727160 431.386336 -2.742620 
1 -2.058376 0.523341 0.026553 0.758592 3.112252 431.278229 -2.742620 
1 -17.032178 -0.017722 0.013798 1.330493 2.284946 431.321436 -2.742620 
1 -3.689417 0.382160 -0.016208 0.956119 -0.502257 431.353758 -2.742620 
1 -23.494631 0.367245 0.021195 1.411753 0.853483 431.344602 -2.742620 
1 -1.127996 0.497963 0.000470 0.794818 0.761265 431.269927 -2.742620 
1 -5.220320 0.485147 0.014065 0.895228 1.380747 431.334084 -2.801784 
1 -1.508696 0.075967 -0.000147 1.119779 0.068790 431.347296 -2.801784 
1 -14.992210 -0.001561 0.027702 1.500877 -0.909921 431.371271 -2.801784 
1 -2.542598 0.091013 0.014604 1.125679 1.040891 431.382602 -2.801784 
1 -9.248489 0.235353 0.014777 1.046965 1.377408 431.361487 -2.801784 
1 -2.178572 0.458930 -0.000196 0.854946 1.077733 431.324970 -2.801784 
1 -17.446758 0.399981 -0.015020 1.228250 3.237754 431.369366 -2.801784 
1 -13.874154 0.159560 0.034965 1.390500 -1.500000 431.351038 -2.801784 
1 -20.491741 0.324242 0.018475 1.364703 0.738711 431.347204 -2.801784 
1 -2.703353 0.500847 0.005369 0.835913 0.718019 431.285382 -2.801784 
1 -3.376443 0.268335 0.015824 1.016553 2.008691 431.346063 -2.862168 
1 -31.425796 0.001816 0.012470 1.840703 3.735792 431.339648 -2.862168 
1 -0.681432 -0.165198 0.016780 1.238377 1.203970 431.297095 -2.862168 
1 -2.500228 0.159813 0.018499 1.077894 1.118801 431.382468 -2.862168 
1 -5.634621 -0.031991 0.005790 1.272519 -1.561020 431.343331 -2.862168 
1 -0.963125 0.600093 0.038989 0.715964 -0.386344 431.313718 -2.862168 
1 -13.701366 0.532825 0.032073 1.034536 0.248395 431.349752 -2.862168 
1 -21.251657 0.033953 0.012406 1.560398 -0.675095 431.354959 -2.862168 
1 -8.274661 0.319374 -0.005391 1.041922 0.232972 431.321741 -2.862168 
1 -2.213862 0.098752 0.007838 1.111345 1.420811 431.371962 -2.862168 
1 -1.471344 0.308534 0.031146 0.959069 -0.562030 431.340457 -2.889040 
1 -6.314913 0.595802 -0.007833 0.814924 3.007575 431.346966 -2.889040 
1 1.005779 -0.271232 0.017959 1.252785 0.483501 431.362103 -2.889040 
1 -12.257151 0.053733 0.023171 1.162808 2.278796 431.355920 -2.889040 
1 -0.974507 0.247240 -0.012502 0.981716 1.383136 431.321537 -2.889040 
1 -1.547666 0.300185 0.022287 0.940564 2.519121 431.329019 -2.889040 
1 -13.813331 0.554836 0.015539 0.977386 0.470472 431.333063 -2.889040 
1 -4.329825 -0.261256 0.021531 1.361111 3.617586 431.347475 -2.889040 
1 -0.035874 -0.261155 0.017839 1.277404 0.879749 431.357676 -2.889040 
1 -2.381504 0.391082 0.035309 0.895190 2.397909 431.296449 -2.889040 
1 -1.759172 -0.068145 0.016613 1.212379 0.218928 431.369197 -2.903609 
1 -8.378846 0.008158 0.003342 1.278258 -0.622196 431.362806 -2.903609 
1 -3.591833 0.381603 0.003478 0.937763 2.214498 431.294356 -2.903609 
1 0.098496 -0.457085 0.026008 1.310819 5.680464 431.315746 -2.903609 
1 0.072431 0.259897 0.012098 0.961121 -0.614800 431.334604 -2.903609 
1 0.300277 -0.177103 0.034345 1.201803 2.133327 431.346366 -2.903609 
1 -4.002020 0.361170 0.010660 0.973880 -0.041416 431.317849 -2.903609 
1 0.389313 -0.133383 0.006792 1.212758 -1.496389 431.330285 -2.903609 
1 -0.437609 -0.238029 0.016512 1.276322 0.774793 431.364750 -2.903609 
1 -3.093004 0.486508 -0.000936 0.835538 2.757952 431.376905 -2.903609 
1 -1.389258 0.249387 0.020228 1.002334 -0.847529 431.342537 -2.917468 
1 -0.346138 0.239873 0.004383 0.943484 1.718630 431.323525 -2.917468 
1 -3.872908 0.348535 0.011321 0.970905 1.857755 431.313217 -2.917468 
1 -2.172730 0.398412 0.009132 0.900214 1.084942 431.342398 -2.917468 
1 -0.726544 0.333604 0.022415 0.917155 0.441565 431.322826 -2.917468 
1 -2.611466 0.151366 -0.006980 1.098417 -1.273402 431.346613 -2.917468 
1 -1.765647 0.465830 0.011539 0.795318 1.977816 431.346598 -2.917468 
1 0.448739 -0.161216 0.015806 1.171713 2.788816 431.340469 -2.917468 
1 -0.392343 -0.243216 0.017383 1.279843 0.575741 431.334438 -2.917468 
1 -0.656330 -0.273382 -0.001510 1.301941 1.071258 431.340762 -2.917468 
1 -0.426203 0.314451 0.000266 0.916035 0.981625 431.350113 -2.966296 
1 -8.832376 0.552898 0.017248 0.887717 -0.435004 431.340750 -2.966296 
1 -15.727615 0.419342 0.034788 1.011560 2.108903 431.325501 -2.966296 
1 -2.217581 0.342211 0.001849 0.930565 2.469612 431.349785 -2.966296 
1 -3.131773 0.381784 0.021611 0.928746 1.641075 431.347876 -2.966296 
1 -0.492878 -0.383126 0.011290 1.369052 -1.827396 431.373700 -2.966296 
1 -2.141656 0.345272 0.034837 0.921793 2.472301 431.391521 -2.966296 
1 -3.122040 -0.358837 0.023295 1.393014 2.888125 431.330235 -2.966296 
1 -1.961799 0.328256 0.030363 0.958016 -1.205185 431.320586 -2.966296 
1 -11.068370 0.127335 0.022577 1.120740 1.826947 431.303099 -2.966296 
1 -22.882370 0.231433 -0.003264 1.121396 5.817584 431.332791 -3.002900 
1 -0.823349 0.186347 -0.006897 0.992211 0.373450 431.333190 -3.002900 
1 -1.467985 0.395347 0.027829 0.879611 1.389858 431.311000 -3.002900 
1 -2.756338 0.339678 0.029231 0.906769 4.990111 431.336356 -3.002900 
1 -1.758062 0.395940 0.014937 0.902440 -0.473725 431.370143 -3.002900 
1 -0.833514 0.251225 0.005569 0.995795 -1.536677 431.298595 -3.002900 
1 -3.840961 -0.128903 0.033543 1.262109 4.531347 431.341685 -3.002900 
1 -1.689798 0.499871 0.043072 0.802494 1.118631 431.345779 -3.002900 
1 -1.311178 0.179781 0.021983 1.037729 0.876806 431.347095 -3.002900 
1 -1.091070 0.158158 -0.010588 1.033943 2.424840 431.315942 -3.002900 
1 -1.776587 0.241362 -0.006070 0.991829 2.651639 431.331922 -3.026106 
1 -1.213548 0.229944 0.050535 0.985462 2.058837 431.328496 -3.026106 
1 -3.801361 0.418709 0.031101 0.875946 4.877508 431.362012 -3.026106 
1 -1.697009 0.311670 0.036101 0.885759 5.029439 431.321185 -3.026106 
1 -9.770739 0.074367 0.038445 1.137102 1.180209 431.342359 -3.026106 
1 -2.774771 0.280055 0.010483 1.010279 -0.858806 431.346919 -3.026106 
1 -0.722759 0.282437 0.021889 0.905897 2.885462 431.303451 -3.026106 
1 -0.987229 0.001645 0.021299 1.142263 1.422491 431.329879 -3.026106 
1 -0.613841 -0.277692 0.048301 1.247024 5.257154 431.350246 -3.026106 
1 -1.654905 0.099500 -0.015369 1.093203 2.220745 431.323762 -3.026106 
1 -0.552327 0.215753 0.007288 0.984395 1.623221 431.349792 -3.042600 
1 -4.940638 0.627606 -0.003763 0.763631 2.297585 431.328921 -3.042600 
1 -2.616756 0.388492 0.032403 0.920829 0.165383 431.326471 -3.042600 
1 -1.566772 0.359830 0.006581 0.917155 0.860814 431.355014 -3.042600 
1 -1.945321 0.468205 0.012720 0.844592 0.575835 431.319788 -3.042600 
1 -3.552078 0.293577 0.006458 1.016868 -1.488005 431.347495 -3.042600 
1 0.015029 0.184412 0.012356 0.973602 1.356290 431.302221 -3.042600 
1 -0.094128 0.221333 0.025752 0.950883 0.109441 431.330754 -3.042600 
1 1.327705 -0.407965 0.010061 1.323622 -0.051937 431.344854 -3.042600 
1 -1.588864 0.428848 -0.009680 0.866631 0.984011 431.331952 -3.042600 
1 -6.846537 0.488482 0.021518 0.791904 3.084468 431.323585 -3.065427 
1 -1.496451 0.187095 0.010131 1.028185 2.007614 431.348078 -3.065427 
1 -2.897406 0.482409 0.026823 0.858752 -0.887086 431.329583 -3.065427 
1 -1.563570 0.374840 0.015827 0.894237 1.846649 431.301178 -3.065427 
1 -1.637040 0.456093 0.012451 0.847683 0.498260 431.321089 -3.065427 
1 -2.848680 0.166768 0.016313 1.081653 1.150453 431.349794 -3.065427 
1 0.357400 -0.010538 0.010991 1.106197 1.493416 431.318898 -3.065427 
1 -3.364653 0.483651 -0.001550 0.870105 -0.577128 431.329017 -3.065427 
1 -0.053562 -0.315011 0.010520 1.316217 -0.107813 431.343149 -3.065427 
1 -0.294499 0.147433 0.015239 1.031224 1.038810 431.338681 -3.065427 
1 -2.280935 0.432965 0.011892 0.871990 1.486972 431.328512 -3.096349 
1 -0.428019 0.072251 0.005568 1.078838 1.699059 431.347048 -3.096349 
1 -1.770610 -0.092111 0.010814 1.198833 3.657628 431.333092 -3.096349 
1 -0.325531 0.263506 0.020808 0.936201 1.677053 431.389832 -3.096349 
1 -2.006413 0.027790 0.032174 1.133969 3.170858 431.329929 -3.096349 
1 -2.584855 0.316830 0.021701 0.958327 2.372482 431.324579 -3.096349 
1 0.420774 -0.078654 0.011632 1.153738 1.097327 431.329613 -3.096349 
1 -2.009366 0.582171 0.010775 0.760293 -0.286287 431.325264 -3.096349 
1 -0.518907 -0.317603 0.006515 1.329465 -0.104389 431.340829 -3.096349 
1 -16.229468 -0.039026 0.031090 1.230290 3.245267 431.359072 -3.096349 
1 -3.271544 0.450788 0.019451 0.867652 2.772378 431.309907 -3.114191 
1 -0.205295 0.095269 0.024045 1.063611 0.955406 431.334099 -3.114191 
1 -5.874330 0.814890 0.006807 0.586111 3.401956 431.320010 -3.114191 
1 -2.489703 0.526805 -0.007777 0.844906 -2.413690 431.320747 -3.114191 
1 0.036762 -0.351143 0.021364 1.291746 3.558434 431.373330 -3.114191 
1 -1.473053 0.642531 0.006689 0.714702 -2.081180 431.337186 -3.114191 
1 0.495674 -0.092788 0.011737 1.159054 1.130422 431.329962 -3.114191 
1 0.058151 0.046541 0.025140 1.078127 1.610276 431.338935 -3.114191 
1 -2.170406 0.492897 0.026970 0.817053 1.650409 431.332183 -3.114191 
1 -2.936475 0.524007 0.026091 0.773759 4.118156 431.314328 -3.114191 
1 -2.672562 0.327228 0.018961 0.954162 2.268142 431.321595 -3.143055 
1 -1.935480 0.190238 0.024590 1.026117 2.951245 431.304945 -3.143055 
1 -7.366968 0.717087 0.000798 0.725773 2.760962 431.320246 -3.143055 
1 -7.400030 0.609429 -0.004374 0.846783 -0.896534 431.320428 -3.143055 
1 -1.320862 0.333560 0.032746 0.926351 0.940402 431.334926 -3.143055 
1 -0.131256 0.077661 0.011869 1.021475 2.338337 431.350699 -3.143055 
1 0.146956 -0.087354 0.026125 1.157229 1.893664 431.312287 -3.143055 
1 -1.118237 -0.178099 0.020977 1.117941 3.659092 431.323687 -3.143055 
1 -1.695306 0.487899 0.016956 0.814978 1.219171 431.334396 -3.143055 
1 -2.676556 0.499669 0.025920 0.779329 4.351920 431.313452 -3.143055 
1 -2.821683 0.351432 0.016401 0.946442 1.566466 431.313110 -3.186890 
1 -2.470260 0.581770 0.015212 0.733977 2.557202 431.370848 -3.186890 
1 -13.284754 0.444867 -0.010611 1.135772 -0.328682 431.317512 -3.186890 
1 -0.806108 0.201268 0.018865 0.977126 3.138375 431.333356 -3.186890 
1 -0.156459 0.340590 0.006765 0.907730 -0.433043 431.357529 -3.186890 
1 -4.767695 0.401582 0.010958 0.957447 0.319898 431.318362 -3.186890 
1 1.091408 0.028890 0.020388 1.098489 -1.939438 431.322743 -3.186890 
1 -10.558405 0.074772 0.017014 1.123457 2.298964 431.358720 -3.186890 
1 -2.302387 0.418606 0.020455 0.838733 0.603141 431.344718 -3.186890 
1 -3.696541 0.137391 -0.009179 1.005727 2.591867 431.277049 -3.186890 
1 -0.837583 0.348028 0.011918 0.907290 0.797345 431.305417 -3.209191 
1 -2.831983 0.291705 0.012585 0.990300 1.706763 431.312336 -3.209191 
1 -6.852648 0.634417 -0.022069 0.806060 0.980915 431.366170 -3.209191 
1 -1.050797 0.126217 0.006045 1.046786 2.827904 431.340840 -3.209191 
1 -2.231427 0.173862 0.032559 1.026207 4.305472 431.336850 -3.209191 
1 -0.476418 0.351109 0.010632 0.894247 0.708119 431.316719 -3.209191 
1 -3.938070 0.511180 -0.004091 0.834596 2.993529 431.312328 -3.209191 
1 -0.942582 0.321205 0.007265 0.950499 -2.064298 431.298796 -3.209191 
1 -1.826732 0.467895 0.013212 0.841165 0.657406 431.325567 -3.209191 
1 -0.453107 0.314076 0.007464 0.926115 0.393164 431.358801 -3.209191 
1 -3.431992 0.433095 0.018400 0.874184 3.663124 431.345291 -3.232243 
1 -2.245227 0.195804 0.015113 1.038570 2.295714 431.322443 -3.232243 
1 0.365938 0.153726 0.019252 1.023141 -0.452449 431.327719 -3.232243 
1 -1.188696 0.182488 0.007958 0.999037 3.570151 431.308800 -3.232243 
1 -1.404030 0.141665 0.026859 1.034377 3.594489 431.343729 -3.232243 
1 -2.830807 0.258297 0.017420 0.984566 4.254671 431.324507 -3.232243 
1 -0.509638 0.358281 0.022522 0.892768 0.389680 431.329249 -3.232243 
1 -0.430712 0.288705 0.023673 0.932143 1.165810 431.316269 -3.232243 
1 -0.738068 -0.185022 0.009047 1.163909 1.613833 431.365951 -3.232243 
1 -0.805345 0.085036 0.016183 1.047253 3.884827 431.296691 -3.232243 
1 -4.371271 0.522240 0.021473 0.887454 -2.906056 431.300549 -3.294203 
1 -1.014479 0.373839 0.014448 0.894248 0.592344 431.330979 -3.294203 
1 -13.076037 0.360621 0.023043 1.006819 2.067369 431.345058 -3.294203 
1 -1.145515 0.225261 0.018775 0.925790 2.671484 431.339236 -3.294203 
1 -2.647772 0.195730 0.006634 0.979589 1.249409 431.293087 -3.294203 
1 -0.418324 0.298864 -0.002417 0.930880 0.848921 431.355594 -3.294203 
1 -3.484469 0.318877 0.026451 0.897737 1.299339 431.323278 -3.294203 
1 -0.509146 0.273648 0.030916 0.941333 1.446356 431.321119 -3.294203 
1 0.780939 -0.155178 0.010854 1.182139 1.223037 431.366810 -3.294203 
1 -0.898892 0.231430 0.010382 0.934103 3.477797 431.324665 -3.294203 
1 -4.318033 0.510398 0.015583 0.865766 -1.154987 431.284004 -3.318013 
1 0.386923 -0.060019 0.021850 1.163701 -1.039576 431.326084 -3.318013 
1 -0.357717 0.183146 0.021671 0.959709 2.802173 431.321994 -3.318013 
1 0.102736 0.001506 0.024129 1.119057 0.551187 431.360333 -3.318013 
1 -0.603051 0.234885 0.007434 0.979312 1.210128 431.278890 -3.318013 
1 -4.305079 0.322388 0.007037 1.009768 -0.577999 431.342023 -3.318013 
1 -1.477797 0.310734 0.017643 0.949105 0.966228 431.331675 -3.318013 
1 -0.868246 0.284111 0.033033 0.945787 1.385998 431.322774 -3.318013 
1 -0.394923 0.296204 0.017820 0.944199 -0.351716 431.319783 -3.318013 
1 -0.276261 0.121775 0.009630 0.999975 2.759695 431.330679 -3.318013 
1 -2.303595 -0.143891 0.003534 1.173686 0.978222 431.304141 -3.358746 
1 -1.736438 0.431136 0.031840 0.849043 2.142075 431.304768 -3.358746 
1 -6.260584 0.142689 0.011677 1.186467 -1.828039 431.317168 -3.358746 
1 0.951557 -0.254604 0.019526 1.246301 0.430064 431.344080 -3.358746 
1 -0.875812 0.312751 -0.009474 0.933154 1.180522 431.299219 -3.358746 
1 -2.932499 0.438393 0.019148 0.889273 0.435232 431.338945 -3.358746 
1 -2.216930 0.194461 0.026780 1.029541 3.055672 431.294045 -3.358746 
1 -1.514697 -0.068575 0.022267 1.165102 4.393175 431.352210 -3.358746 
1 -1.480112 0.288862 0.010023 0.928642 3.590034 431.325638 -3.358746 
1 -0.252412 0.070490 -0.004620 1.076826 1.601508 431.322689 -3.358746 
1 -1.634791 0.456629 0.022887 0.829337 1.846071 431.360409 -3.416282 
1 -5.953303 0.643218 0.018441 0.752927 3.732342 431.338355 -3.416282 
1 -13.150982 0.082879 0.014238 1.382021 -0.726876 431.302622 -3.416282 
1 -0.377450 -0.346593 0.017922 1.334865 0.756419 431.343494 -3.416282 
1 -2.107087 0.269753 0.009611 0.969304 3.355147 431.321297 -3.416282 
1 -1.889812 0.262607 0.029185 1.002281 -0.858679 431.340923 -3.416282 
1 -0.360796 0.034601 0.006639 1.042003 3.783728 431.364366 -3.416282 
1 -0.709954 -0.224980 0.011877 1.269058 1.802275 431.283730 -3.416282 
1 -0.252150 0.203761 0.009314 0.959158 1.728610 431.337112 -3.416282 
1 0.435802 -0.008762 0.009248 1.082963 1.689713 431.310854 -3.416282 
1 -8.654179 -0.305593 0.019291 1.277723 2.345158 431.338046 -3.464222 
1 -3.228464 0.572055 0.017003 0.753449 3.430112 431.332329 -3.464222 
1 -3.462405 0.741663 0.008001 0.647597 -0.132336 431.315754 -3.464222 
1 1.414399 -0.439984 0.017945 1.319399 0.762861 431.344014 -3.464222 
1 -2.361536 0.330510 -0.002120 0.904763 4.727015 431.324149 -3.464222 
1 -3.708678 0.571733 0.021945 0.785302 1.927912 431.333784 -3.464222 
1 -2.963581 0.286697 0.009056 0.925412 1.283028 431.307047 -3.464222 
1 0.496829 -0.000948 -0.003592 1.120848 -0.179917 431.349080 -3.464222 
1 0.734261 -0.416512 -0.007095 1.283286 3.072504 431.327131 -3.464222 
1 -1.065933 -0.137715 0.012211 1.230672 1.488894 431.285624 -3.464222 
1 -0.916885 0.124715 0.032481 1.013211 4.394529 431.311047 -3.473780 
1 -1.668750 0.584497 0.030689 0.721641 1.511479 431.324651 -3.473780 
1 -3.034914 0.777471 0.001669 0.609011 -0.527455 431.313145 -3.473780 
1 1.027309 -0.282521 0.016221 1.256169 0.652018 431.346878 -3.473780 
1 -0.424011 0.292813 0.000914 0.945868 0.093213 431.338066 -3.473780 
1 0.663122 -0.130731 0.018557 1.173596 1.207979 431.324468 -3.473780 
1 0.813661 -0.034373 0.018307 1.127059 -0.119645 431.313307 -3.473780 
1 -0.107505 -0.120053 -0.007380 1.212327 -0.464179 431.345374 -3.473780 
1 -0.078859 0.053344 0.031270 1.095172 0.046385 431.344301 -3.473780 
1 -0.250200 0.067082 0.000685 1.065531 2.354043 431.331668 -3.473780 
1 -0.616202 0.143866 0.017684 1.038835 1.382705 431.360427 -3.503971 
1 -4.699165 0.885805 0.032628 0.508079 1.167003 431.324845 -3.503971 
1 -3.306499 0.742881 0.001454 0.648675 -0.659232 431.313350 -3.503971 
1 0.170888 0.135463 -0.008321 1.035175 0.409759 431.342950 -3.503971 
1 -1.097164 0.219589 0.018726 0.993358 1.962204 431.355003 -3.503971 
1 -0.748646 0.114840 0.019271 1.060163 1.626275 431.312586 -3.503971 
1 0.901778 -0.028648 0.017483 1.116959 0.044463 431.314508 -3.503971 
1 -0.901209 -0.001549 -0.007302 1.157058 -0.094542 431.341378 -3.503971 
1 0.477530 0.097286 0.031894 1.039143 0.758504 431.329373 -3.503971 
1 -0.778703 -0.077795 0.025359 1.188774 0.985908 431.365386 -3.503971 
1 -1.120973 0.490398 -0.007599 0.808320 0.536505 431.315764 -3.548291 
1 -6.613710 0.917326 0.038881 0.507691 1.220051 431.327734 -3.548291 
1 -1.820067 0.413544 0.015032 0.819460 2.645450 431.360785 -3.548291 
1 -0.367737 0.348758 0.012867 0.915410 -1.647704 431.379964 -3.548291 
1 -1.510929 0.245324 0.008403 0.978820 2.724929 431.303993 -3.548291 
1 -0.979377 0.134891 0.020159 1.047192 2.149896 431.306635 -3.548291 
1 -0.479902 0.171527 -0.000081 1.002551 2.268214 431.335901 -3.548291 
1 0.135969 0.224516 -0.000433 0.975650 0.185107 431.336292 -3.548291 
1 0.472314 -0.365774 0.023996 1.292682 2.906488 431.331674 -3.548291 
1 0.074415 0.006325 -0.016058 1.112588 1.348454 431.298712 -3.548291 
1 0.543701 -0.245309 -0.012791 1.210359 1.675137 431.307870 -3.557154 
1 -1.559995 0.447100 -0.005153 0.848159 1.203496 431.313335 -3.557154 
1 -0.552985 0.128573 -0.002651 1.014141 3.206460 431.305133 -3.557154 
1 -0.499025 -0.301972 0.001708 1.321340 -0.204614 431.362752 -3.557154 
1 0.556750 -0.401835 0.004730 1.342964 0.383484 431.346529 -3.557154 
1 -0.838739 0.150032 0.020397 1.000735 3.862233 431.353662 -3.557154 
1 -0.444873 0.133311 0.000804 1.025834 2.421471 431.337903 -3.557154 
1 0.769740 -0.303566 0.034035 1.242078 2.824373 431.338572 -3.557154 
1 -0.891160 0.165529 0.006196 1.042580 0.451481 431.349846 -3.557154 
1 0.706299 -0.149905 0.022894 1.149271 2.241608 431.312639 -3.557154 
1 -0.416715 0.124960 -0.015927 1.033943 2.274013 431.326007 -3.632392 
1 -1.644958 0.147355 0.001798 1.055142 2.516630 431.327335 -3.632392 
1 -0.055818 0.109891 0.031524 1.057337 0.083537 431.337622 -3.632392 
1 0.055806 -0.117440 0.020213 1.170806 2.510659 431.289981 -3.632392 
1 -9.373499 -0.152252 0.001282 1.341823 0.382442 431.344934 -3.632392 
1 -2.085182 0.464243 0.005569 0.795618 3.045096 431.336823 -3.632392 
1 -1.223026 0.377385 -0.003291 0.909943 -0.641383 431.340402 -3.632392 
1 0.558914 -0.447365 -0.004171 1.283580 4.053190 431.324273 -3.632392 
1 -1.931817 0.380634 0.018691 0.863262 3.976345 431.331559 -3.632392 
1 -2.602500 0.184036 0.026551 1.038086 3.729799 431.342910 -3.632392 
1 -2.021962 0.203497 0.015380 1.031060 1.880344 431.356370 -3.696901 
1 -1.024818 0.312540 0.023914 0.895521 3.221011 431.324514 -3.696901 
1 -1.582215 -0.069604 0.020937 1.209966 -0.047192 431.367309 -3.696901 
1 -2.403676 0.127983 -0.004668 1.109224 -0.782321 431.305931 -3.696901 
1 -10.511099 -0.031553 0.001551 1.284630 0.707459 431.343693 -3.696901 
1 -1.670846 0.407387 0.008049 0.861720 2.527372 431.313294 -3.696901 
1 0.632876 -0.189171 0.017920 1.178261 2.671821 431.291266 -3.696901 
1 0.155780 -0.064793 0.033934 1.079197 3.792991 431.321413 -3.696901 
1 1.587107 -0.399133 0.034359 1.304278 -0.211769 431.373324 -3.696901 
1 -0.823277 0.274376 0.003238 0.936170 2.411495 431.329814 -3.696901 
1 0.361735 0.054716 0.018901 1.047446 1.785885 431.367632 -3.705652 
1 -1.248653 0.343694 0.033278 0.848953 2.857778 431.326948 -3.705652 
1 1.235083 -0.209235 0.017668 1.200773 -0.109074 431.288534 -3.705652 
1 -1.156055 0.358400 -0.005353 0.905074 1.212823 431.368992 -3.705652 
1 0.648810 -0.082446 0.018756 1.116056 1.423618 431.354150 -3.705652 
1 -1.695301 0.343261 0.009604 0.918102 2.208957 431.316924 -3.705652 
1 -0.952458 0.182478 0.016547 1.014659 2.057935 431.324005 -3.705652 
1 -0.290585 0.311801 0.017792 0.896761 0.795754 431.291112 -3.705652 
1 1.284290 -0.231261 0.025234 1.237692 -1.071955 431.367653 -3.705652 
1 -0.467994 0.234267 0.004743 0.963927 1.808300 431.348190 -3.705652 
1 0.903709 -0.158214 0.005954 1.193684 0.386081 431.341087 -3.714585 
1 0.295901 0.102434 0.034631 1.038355 1.054000 431.349960 -3.714585 
1 -0.655624 0.219417 0.019898 0.947376 3.263628 431.360249 -3.714585 
1 0.582813 -0.083293 0.017081 1.159048 0.448259 431.304624 -3.714585 
1 0.492866 -0.105022 0.016822 1.161862 1.402359 431.350368 -3.714585 
1 -1.200456 0.031829 0.013878 1.088281 4.477264 431.317491 -3.714585 
1 -2.169521 0.223635 0.014862 1.014333 2.563057 431.313213 -3.714585 
1 0.284882 0.106333 0.016087 1.040039 0.920068 431.312096 -3.714585 
1 1.244143 -0.301204 0.033868 1.254029 0.683204 431.336871 -3.714585 
1 -1.517399 0.611036 -0.005384 0.743574 -1.858062 431.361372 -3.714585 
1 -4.010827 0.503785 0.012462 0.863662 -0.532555 431.346313 -3.751390 
1 -1.602834 0.079319 0.016506 1.097803 2.529803 431.343809 -3.751390 
1 -0.449809 0.091051 0.023946 1.021548 3.910817 431.356459 -3.751390 
1 1.051086 0.113142 0.004132 1.055847 -2.620066 431.327879 -3.751390 
1 -0.691832 0.033673 -0.001454 1.124098 0.618587 431.331718 -3.751390 
1 -0.830320 -0.077739 0.013084 1.184052 1.868411 431.319525 -3.751390 
1 -1.028190 0.154183 0.016269 1.024005 2.971192 431.304948 -3.751390 
1 -1.232296 0.179706 0.007306 1.016657 2.707338 431.365641 -3.751390 
1 0.831042 -0.182645 0.031184 1.196376 1.223018 431.337103 -3.751390 
1 0.057160 0.408156 0.036230 0.850999 -0.970523 431.345669 -3.751390 
1 0.535780 0.289998 0.012996 0.932419 -1.265719 431.339077 -3.755468 
1 0.694190 -0.452575 0.017987 1.273615 4.106719 431.334601 -3.755468 
1 -2.652770 0.335426 0.035027 0.952205 1.470603 431.363344 -3.755468 
1 0.948961 -0.106522 0.000226 1.177370 -0.727350 431.318684 -3.755468 
1 0.307471 -0.058959 0.000808 1.161906 -0.208928 431.342526 -3.755468 
1 -1.208305 0.388967 0.018964 0.846038 2.784947 431.329724 -3.755468 
1 0.459819 0.037585 0.015998 1.094176 -0.145755 431.317259 -3.755468 
1 0.627141 -0.198227 0.016440 1.198518 2.184605 431.352333 -3.755468 
1 0.467086 0.039691 -0.003173 1.069135 0.485214 431.365165 -3.755468 
1 -0.840286 0.311297 0.011920 0.932211 0.955699 431.356898 -3.755468 
1 -0.927898 0.456871 0.001631 0.822299 0.799256 431.345386 -3.776425 
1 0.311281 -0.313630 0.018298 1.247084 4.080694 431.339628 -3.776425 
1 0.886984 -0.023147 0.037819 1.084384 0.952676 431.324313 -3.776425 
1 -0.747335 -0.146522 0.003029 1.238416 0.109191 431.313914 -3.776425 
1 -0.441792 0.145749 0.020436 0.974607 2.511138 431.352589 -3.776425 
1 -1.269206 0.375759 0.016173 0.868373 2.662569 431.328935 -3.776425 
1 -1.157395 -0.054453 0.013526 1.193615 -0.191663 431.302350 -3.776425 
1 -0.184016 -0.419350 0.018588 1.258584 2.289292 431.348486 -3.776425 
1 0.583943 0.052370 -0.004070 1.068309 0.438835 431.359684 -3.776425 
1 -0.589452 0.407599 0.014102 0.852448 0.682293 431.352567 -3.776425 
