#REFERENCE 3 29.6033091 -0.6664364
1	-1.212891	-1.058755	-0.587776	1.331652	
1	-1.195069	-1.054688	-0.580558	1.342667	
2	-1.265625	-1.070366	-0.609956	1.299188	
2	-1.212891	-1.058755	-0.587776	1.331652	
3	-1.054688	-1.024197	-0.530795	1.426660	
3	-1.001953	-1.012105	-0.514918	1.457612	
4	-1.001953	-1.012105	-0.514918	1.457612	
4	-0.957926	-1.001953	-0.503008	1.482881	
5	-0.957926	-1.001953	-0.503008	1.482881	
5	-0.949219	-1.000113	-0.500866	1.487662	
6	-0.896484	-0.989295	-0.489046	1.515691	
6	-0.843750	-0.978791	-0.479119	1.542168	
7	-0.949219	-1.000113	-0.500866	1.487662	
7	-0.896484	-0.989295	-0.489046	1.515691	
8	-1.195069	-1.054688	-0.580558	1.342667	
8	-1.160156	-1.047403	-0.567244	1.363649	
9	-1.160156	-1.047403	-0.567244	1.363649	
9	-1.107422	-1.036001	-0.548278	1.395270	
10	-1.107422	-1.036001	-0.548278	1.395270	
10	-1.054688	-1.024197	-0.530795	1.426660	
11	-1.582031	-1.128828	-0.765972	1.109513	
11	-1.529297	-1.120175	-0.737449	1.140460	
12	-1.529297	-1.120175	-0.737449	1.140460	
12	-1.476562	-1.110832	-0.709730	1.171868	
13	-1.687500	-1.144145	-0.825254	1.048999	
13	-1.634766	-1.136811	-0.795253	1.079026	
14	-1.634766	-1.136811	-0.795253	1.079026	
14	-1.582031	-1.128828	-0.765972	1.109513	
15	-1.318359	-1.081353	-0.633303	1.266950	
15	-1.265625	-1.070366	-0.609956	1.299188	
16	-1.371094	-1.091703	-0.657734	1.234993	
16	-1.318359	-1.081353	-0.633303	1.266950	
17	-1.476562	-1.110832	-0.709730	1.171868	
17	-1.458556	-1.107422	-0.700428	1.182731	
18	-1.423828	-1.101418	-0.683177	1.203352	
18	-1.371094	-1.091703	-0.657734	1.234993	
19	-1.458556	-1.107422	-0.700428	1.182731	
19	-1.423828	-1.101418	-0.683177	1.203352	
20	-0.105469	-1.011261	-0.425775	1.501930	
20	-0.140891	-1.001953	-0.432662	1.521342	
21	-0.158203	-0.997756	-0.435626	1.530288	
21	-0.140891	-1.001953	-0.432662	1.521342	
22	-0.210938	-0.985625	-0.443324	1.555893	
22	-0.158203	-0.997756	-0.435626	1.530288	
23	-0.105469	-1.011261	-0.425775	1.501930	
23	-0.052734	-1.025395	-0.413913	1.471773	
24	-0.052734	-1.025395	-0.413913	1.471773	
24	0.000000	-1.039393	-0.400309	1.440698	
25	-0.369141	-0.955336	-0.455695	1.615197	
25	-0.316406	-0.963982	-0.453240	1.599043	
26	-0.369141	-0.955336	-0.455695	1.615197	
26	-0.417867	-0.949219	-0.456793	1.626026	
27	-0.263672	-0.974227	-0.449175	1.579037	
27	-0.210938	-0.985625	-0.443324	1.555893	
28	-0.316406	-0.963982	-0.453240	1.599043	
28	-0.263672	-0.974227	-0.449175	1.579037	
29	-0.421875	-0.948760	-0.456847	1.626771	
29	-0.417867	-0.949219	-0.456793	1.626026	
30	-0.527344	-0.943393	-0.457172	1.633878	
30	-0.474609	-0.944925	-0.457144	1.632890	
31	-0.474609	-0.944925	-0.457144	1.632890	
31	-0.421875	-0.948760	-0.456847	1.626771	
32	-0.632812	-0.947249	-0.458592	1.620552	
32	-0.580078	-0.944208	-0.457480	1.629691	
33	-0.580078	-0.944208	-0.457480	1.629691	
33	-0.527344	-0.943393	-0.457172	1.633878	
34	-0.791016	-0.968920	-0.471150	1.566565	
34	-0.738281	-0.960057	-0.465144	1.588261	
35	-0.843750	-0.978791	-0.479119	1.542168	
35	-0.791016	-0.968920	-0.471150	1.566565	
36	-0.685547	-0.952618	-0.461017	1.606565	
36	-0.653312	-0.949219	-0.459378	1.615522	
37	-0.738281	-0.960057	-0.465144	1.588261	
37	-0.685547	-0.952618	-0.461017	1.606565	
38	-0.653312	-0.949219	-0.459378	1.615522	
38	-0.632812	-0.947249	-0.458592	1.620552	
39	-2.794922	-1.162590	-1.572777	0.522660	
39	-2.742188	-1.168068	-1.533711	0.543189	
40	-2.794922	-1.162590	-1.572777	0.522660	
40	-2.815967	-1.160156	-1.588414	0.514600	
41	-2.847656	-1.156541	-1.612136	0.502541	
41	-2.815967	-1.160156	-1.588414	0.514600	
42	-2.953125	-1.142446	-1.691591	0.463585	
42	-2.900391	-1.149865	-1.651756	0.482843	
43	-2.900391	-1.149865	-1.651756	0.482843	
43	-2.847656	-1.156541	-1.612136	0.502541	
44	-2.689453	-1.172851	-1.494892	0.564159	
44	-2.636719	-1.176953	-1.456332	0.585574	
45	-2.742188	-1.168068	-1.533711	0.543189	
45	-2.689453	-1.172851	-1.494892	0.564159	
46	-2.583984	-1.180387	-1.418042	0.607433	
46	-2.531250	-1.183166	-1.380037	0.629740	
47	-2.636719	-1.176953	-1.456332	0.585574	
47	-2.583984	-1.180387	-1.418042	0.607433	
48	-3.216797	-1.093826	-1.893792	0.373773	
48	-3.164062	-1.105006	-1.852918	0.390899	
49	-3.269531	-1.081762	-1.934830	0.357083	
49	-3.216797	-1.093826	-1.893792	0.373773	
50	-3.322266	-1.068790	-1.976030	0.340826	
50	-3.269531	-1.081762	-1.934830	0.357083	
51	-3.375000	-1.054885	-2.017388	0.325000	
51	-3.322266	-1.068790	-1.976030	0.340826	
52	-3.058594	-1.125302	-1.771865	0.426379	
52	-3.005859	-1.134265	-1.731630	0.444764	
53	-3.005859	-1.134265	-1.731630	0.444764	
53	-2.953125	-1.142446	-1.691591	0.463585	
54	-3.111328	-1.115536	-1.812289	0.408427	
54	-3.151994	-1.107422	-1.843580	0.394883	
55	-3.111328	-1.115536	-1.812289	0.408427	
55	-3.058594	-1.125302	-1.771865	0.426379	
56	-3.164062	-1.105006	-1.852918	0.390899	
56	-3.151994	-1.107422	-1.843580	0.394883	
57	-2.056641	-1.180052	-1.053383	0.851006	
57	-2.003906	-1.176642	-1.019126	0.877920	
58	-2.109375	-1.182847	-1.088100	0.824566	
58	-2.056641	-1.180052	-1.053383	0.851006	
59	-1.951172	-1.172608	-0.985349	0.905315	
59	-1.898438	-1.167942	-0.952075	0.933196	
60	-2.003906	-1.176642	-1.019126	0.877920	
60	-1.951172	-1.172608	-0.985349	0.905315	
61	-1.845703	-1.162630	-0.919329	0.961570	
61	-1.823907	-1.160156	-0.905911	0.973482	
62	-1.898438	-1.167942	-0.952075	0.933196	
62	-1.845703	-1.162630	-0.919329	0.961570	
63	-1.792969	-1.156941	-0.887275	0.990316	
63	-1.740234	-1.150849	-0.855939	1.019430	
64	-1.740234	-1.150849	-0.855939	1.019430	
64	-1.687500	-1.144145	-0.825254	1.048999	
65	-1.823907	-1.160156	-0.905911	0.973482	
65	-1.792969	-1.156941	-0.887275	0.990316	
66	-2.478516	-1.185301	-1.342331	0.652496	
66	-2.425781	-1.186801	-1.304938	0.675704	
67	-2.531250	-1.183166	-1.380037	0.629740	
67	-2.478516	-1.185301	-1.342331	0.652496	
68	-2.373047	-1.187676	-1.267875	0.699366	
68	-2.320312	-1.187931	-1.231158	0.723484	
69	-2.425781	-1.186801	-1.304938	0.675704	
69	-2.373047	-1.187676	-1.267875	0.699366	
70	-2.267578	-1.187574	-1.194803	0.748060	
70	-2.214844	-1.186606	-1.158830	0.773097	
71	-2.320312	-1.187931	-1.231158	0.723484	
71	-2.267578	-1.187574	-1.194803	0.748060	
72	-2.162109	-1.185031	-1.123256	0.798598	
72	-2.109375	-1.182847	-1.088100	0.824566	
73	-2.214844	-1.186606	-1.158830	0.773097	
73	-2.162109	-1.185031	-1.123256	0.798598	
74	-3.375000	-1.054885	-2.017388	0.325000	
74	-3.375723	-1.054688	-2.017956	0.324786	
75	-3.533203	-1.007847	-2.142569	0.280049	
75	-3.551063	-1.001953	-2.156786	0.275220	
76	-3.533203	-1.007847	-2.142569	0.280049	
76	-3.480469	-1.024554	-2.100695	0.294598	
77	-3.585938	-0.990149	-2.184616	0.265927	
77	-3.551063	-1.001953	-2.156786	0.275220	
78	-3.480469	-1.024554	-2.100695	0.294598	
78	-3.427734	-1.040224	-2.058968	0.309582	
79	-3.427734	-1.040224	-2.058968	0.309582	
79	-3.375723	-1.054688	-2.017956	0.324786	
80	-3.691406	-0.951416	-2.269165	0.238988	
80	-3.697051	-0.949219	-2.273709	0.237595	
81	-3.638672	-0.971362	-2.226817	0.252238	
81	-3.585938	-0.990149	-2.184616	0.265927	
82	-3.691406	-0.951416	-2.269165	0.238988	
82	-3.638672	-0.971362	-2.226817	0.252238	
83	-3.796875	-0.907825	-2.354309	0.213815	
83	-3.744141	-0.930255	-2.311662	0.226179	
84	-3.744141	-0.930255	-2.311662	0.226179	
84	-3.697051	-0.949219	-2.273709	0.237595	
85	-3.796875	-0.907825	-2.354309	0.213815	
85	-3.822513	-0.896484	-2.375110	0.207962	
86	-3.849609	-0.883998	-2.397096	0.201903	
86	-3.822513	-0.896484	-2.375110	0.207962	
87	-3.902344	-0.858702	-2.440026	0.190449	
87	-3.849609	-0.883998	-2.397096	0.201903	
88	-3.902344	-0.858702	-2.440026	0.190449	
88	-3.932291	-0.843750	-2.464496	0.184144	
89	-4.113281	-0.740094	-2.613170	0.149376	
89	-4.116166	-0.738281	-2.615561	0.148868	
90	-4.007812	-0.803186	-2.526310	0.168944	
90	-4.029506	-0.791016	-2.544159	0.164751	
91	-4.060547	-0.772609	-2.569652	0.158916	
91	-4.029506	-0.791016	-2.544159	0.164751	
92	-4.113281	-0.740094	-2.613170	0.149376	
92	-4.060547	-0.772609	-2.569652	0.158916	
93	-4.166016	-0.704923	-2.656771	0.140360	
93	-4.194026	-0.685547	-2.680060	0.135771	
94	-4.166016	-0.704923	-2.656771	0.140360	
94	-4.116166	-0.738281	-2.615561	0.148868	
95	-4.218750	-0.667206	-2.700544	0.131867	
95	-4.194026	-0.685547	-2.680060	0.135771	
96	-4.007812	-0.803186	-2.526310	0.168944	
96	-3.955078	-0.831811	-2.483097	0.179460	
97	-3.955078	-0.831811	-2.483097	0.179460	
97	-3.932291	-0.843750	-2.464496	0.184144	
98	-4.218750	-0.667206	-2.700544	0.131867	
98	-4.263855	-0.632812	-2.738155	0.125028	
99	-4.324219	-0.582173	-2.788582	0.116547	
99	-4.326670	-0.580078	-2.790645	0.116218	
100	-4.376953	-0.533245	-2.832812	0.109788	
100	-4.326670	-0.580078	-2.790645	0.116218	
101	-4.376953	-0.533245	-2.832812	0.109788	
101	-4.383188	-0.527344	-2.838084	0.109026	
102	-4.324219	-0.582173	-2.788582	0.116547	
102	-4.271484	-0.626526	-2.744489	0.123919	
103	-4.271484	-0.626526	-2.744489	0.123919	
103	-4.263855	-0.632812	-2.738155	0.125028	
104	-4.429688	-0.478940	-2.877241	0.103673	
104	-4.383188	-0.527344	-2.838084	0.109026	
105	-4.429688	-0.478940	-2.877241	0.103673	
105	-4.433799	-0.474609	-2.880736	0.103222	
106	-4.433799	-0.474609	-2.880736	0.103222	
106	-4.478989	-0.421875	-2.918982	0.098590	
107	-4.535156	-0.345273	-2.966716	0.093637	
107	-4.554478	-0.316406	-2.983324	0.092150	
108	-4.482422	-0.417386	-2.921871	0.098263	
108	-4.519183	-0.369141	-2.953167	0.094943	
109	-4.482422	-0.417386	-2.921871	0.098263	
109	-4.478989	-0.421875	-2.918982	0.098590	
110	-4.535156	-0.345273	-2.966716	0.093637	
110	-4.519183	-0.369141	-2.953167	0.094943	
111	-4.554478	-0.316406	-2.983324	0.092150	
111	-4.585052	-0.263672	-3.009574	0.090077	
112	-4.587891	-0.257966	-3.011994	0.089904	
112	-4.585052	-0.263672	-3.009574	0.090077	
113	-4.587891	-0.257966	-3.011994	0.089904	
113	-4.611456	-0.210938	-3.032428	0.088578	
114	-4.611456	-0.210938	-3.032428	0.088578	
114	-4.633388	-0.158203	-3.051548	0.087575	
115	-4.640625	-0.136706	-3.057844	0.087302	
115	-4.633388	-0.158203	-3.051548	0.087575	
116	-4.640625	-0.136706	-3.057844	0.087302	
116	-4.651283	-0.105469	-3.067342	0.086951	
117	-4.651283	-0.105469	-3.067342	0.086951	
117	-4.665153	-0.052734	-3.079801	0.086618	
118	-4.665153	-0.052734	-3.079801	0.086618	
118	-4.674956	0.000000	-3.088871	0.086491	
119	3.375000	-0.690025	1.857911	0.010010	
119	3.380073	-0.685547	1.862010	0.009248	
120	3.427734	-0.639395	1.900231	0.002432	
120	3.434410	-0.632812	1.905629	0.001512	
121	3.380073	-0.685547	1.862010	0.009248	
121	3.427734	-0.639395	1.900231	0.002432	
122	3.585938	-0.437170	2.026923	-0.015934	
122	3.595346	-0.421875	2.034506	-0.016791	
123	3.434410	-0.632812	1.905629	0.001512	
123	3.480469	-0.582482	1.942569	-0.004473	
124	3.480469	-0.582482	1.942569	-0.004473	
124	3.482639	-0.580078	1.944327	-0.004745	
125	3.482639	-0.580078	1.944327	-0.004745	
125	3.525363	-0.527344	1.978587	-0.009769	
126	3.525363	-0.527344	1.978587	-0.009769	
126	3.533203	-0.516369	1.984798	-0.010624	
127	3.533203	-0.516369	1.984798	-0.010624	
127	3.562882	-0.474609	2.008621	-0.013736	
128	3.562882	-0.474609	2.008621	-0.013736	
128	3.585938	-0.437170	2.026923	-0.015934	
129	3.595346	-0.421875	2.034506	-0.016791	
129	3.623230	-0.369141	2.056656	-0.019101	
130	3.638672	-0.334141	2.068739	-0.020227	
130	3.646544	-0.316406	2.075033	-0.020771	
131	3.623230	-0.369141	2.056656	-0.019101	
131	3.638672	-0.334141	2.068739	-0.020227	
132	3.646544	-0.316406	2.075033	-0.020771	
132	3.665672	-0.263672	2.089981	-0.021933	
133	3.665672	-0.263672	2.089981	-0.021933	
133	3.680477	-0.210938	2.101332	-0.022668	
134	3.680477	-0.210938	2.101332	-0.022668	
134	3.691140	-0.158203	2.109244	-0.023080	
135	3.691140	-0.158203	2.109244	-0.023080	
135	3.691406	-0.156108	2.109416	-0.023088	
136	3.691406	-0.156108	2.109416	-0.023088	
136	3.697960	-0.105469	2.113998	-0.023269	
137	3.697960	-0.105469	2.113998	-0.023269	
137	3.700771	-0.052734	2.115415	-0.023309	
138	3.700771	-0.052734	2.115415	-0.023309	
138	3.699610	0.000000	2.113524	-0.023285	
139	2.109375	-1.220242	0.868035	0.341337	
139	2.153988	-1.212891	0.901556	0.325383	
140	2.162109	-1.211551	0.907694	0.322500	
140	2.214844	-1.202221	0.947591	0.304058	
141	2.153988	-1.212891	0.901556	0.325383	
141	2.162109	-1.211551	0.907694	0.322500	
142	2.267578	-1.192028	0.987641	0.286047	
142	2.320312	-1.180949	1.027838	0.268466	
143	2.214844	-1.202221	0.947591	0.304058	
143	2.267578	-1.192028	0.987641	0.286047	
144	2.373047	-1.168956	1.068179	0.251313	
144	2.409263	-1.160156	1.095957	0.239784	
145	2.320312	-1.180949	1.027838	0.268466	
145	2.373047	-1.168956	1.068179	0.251313	
146	2.425781	-1.156081	1.108680	0.234580	
146	2.478516	-1.142350	1.149356	0.218259	
147	2.478516	-1.142350	1.149356	0.218259	
147	2.531250	-1.127595	1.190157	0.202370	
148	2.409263	-1.160156	1.095957	0.239784	
148	2.425781	-1.156081	1.108680	0.234580	
149	1.687500	-1.262773	0.557849	0.507471	
149	1.740234	-1.259933	0.595849	0.485187	
150	1.740234	-1.259933	0.595849	0.485187	
150	1.792969	-1.256420	0.634093	0.463338	
151	1.792969	-1.256420	0.634093	0.463338	
151	1.845703	-1.252218	0.672568	0.441925	
152	1.845703	-1.252218	0.672568	0.441925	
152	1.898438	-1.247309	0.711263	0.420945	
153	1.898438	-1.247309	0.711263	0.420945	
153	1.951172	-1.241677	0.750167	0.400397	
154	1.951172	-1.241677	0.750167	0.400397	
154	2.003906	-1.235301	0.789270	0.380281	
155	2.003906	-1.235301	0.789270	0.380281	
155	2.056641	-1.228163	0.828562	0.360594	
156	2.056641	-1.228163	0.828562	0.360594	
156	2.109375	-1.220242	0.868035	0.341337	
157	3.164062	-0.850178	1.688932	0.046288	
157	3.174214	-0.843750	1.697071	0.044334	
158	2.953125	-0.967687	1.521027	0.090947	
158	2.990574	-0.949219	1.550765	0.082444	
159	3.058594	-0.912979	1.604804	0.067640	
159	3.088062	-0.896484	1.628317	0.061462	
160	3.111328	-0.882677	1.646822	0.056714	
160	3.164062	-0.850178	1.688932	0.046288	
161	3.088062	-0.896484	1.628317	0.061462	
161	3.111328	-0.882677	1.646822	0.056714	
162	2.990574	-0.949219	1.550765	0.082444	
162	3.005859	-0.941289	1.562880	0.079052	
163	3.005859	-0.941289	1.562880	0.079052	
163	3.058594	-0.912979	1.604804	0.067640	
164	2.689453	-1.076988	1.313350	0.157282	
164	2.742188	-1.057832	1.354665	0.143121	
165	2.636719	-1.094952	1.272154	0.171881	
165	2.689453	-1.076988	1.313350	0.157282	
166	2.531250	-1.127595	1.190157	0.202370	
166	2.583984	-1.111785	1.231082	0.186913	
167	2.583984	-1.111785	1.231082	0.186913	
167	2.597919	-1.107422	1.241916	0.182902	
168	2.597919	-1.107422	1.241916	0.182902	
168	2.636719	-1.094952	1.272154	0.171881	
169	2.742188	-1.057832	1.354665	0.143121	
169	2.750550	-1.054688	1.361229	0.140915	
170	2.750550	-1.054688	1.361229	0.140915	
170	2.794922	-1.037402	1.396092	0.129402	
171	2.794922	-1.037402	1.396092	0.129402	
171	2.847656	-1.015650	1.437636	0.116128	
172	2.847656	-1.015650	1.437636	0.116128	
172	2.879344	-1.001953	1.462666	0.108364	
173	2.900391	-0.992456	1.479284	0.103307	
173	2.953125	-0.967687	1.521027	0.090947	
174	2.879344	-1.001953	1.462666	0.108364	
174	2.900391	-0.992456	1.479284	0.103307	
175	3.174214	-0.843750	1.697071	0.044334	
175	3.216797	-0.814928	1.731067	0.036392	
176	3.216797	-0.814928	1.731067	0.036392	
176	3.250869	-0.791016	1.758409	0.030264	
177	3.250869	-0.791016	1.758409	0.030264	
177	3.269531	-0.776907	1.773299	0.027026	
178	3.269531	-0.776907	1.773299	0.027026	
178	3.319104	-0.738281	1.813087	0.018726	
179	3.319104	-0.738281	1.813087	0.018726	
179	3.322266	-0.735605	1.815607	0.018218	
180	3.322266	-0.735605	1.815607	0.018218	
180	3.375000	-0.690025	1.857911	0.010010	
181	0.527344	-1.168840	-0.182877	1.111167	
181	0.487510	-1.160156	-0.203506	1.135878	
182	0.580078	-1.179575	-0.154947	1.078947	
182	0.632812	-1.189552	-0.126308	1.047233	
183	0.527344	-1.168840	-0.182877	1.111167	
183	0.580078	-1.179575	-0.154947	1.078947	
184	0.421875	-1.146396	-0.235753	1.176276	
184	0.474609	-1.157578	-0.209929	1.143745	
185	0.474609	-1.157578	-0.209929	1.143745	
185	0.487510	-1.160156	-0.203506	1.135878	
186	0.685547	-1.198805	-0.096993	1.016009	
186	0.738281	-1.207366	-0.067031	0.985266	
187	0.632812	-1.189552	-0.126308	1.047233	
187	0.685547	-1.198805	-0.096993	1.016009	
188	0.791016	-1.215472	-0.036346	0.954891	
188	0.775176	-1.212891	-0.045734	0.964071	
189	0.791016	-1.215472	-0.036346	0.954891	
189	0.843750	-1.223345	-0.004865	0.924795	
190	0.738281	-1.207366	-0.067031	0.985266	
190	0.775176	-1.212891	-0.045734	0.964071	
191	0.158203	-1.081838	-0.349034	1.342648	
191	0.210938	-1.095361	-0.328974	1.309428	
192	0.105469	-1.067654	-0.367804	1.375943	
192	0.158203	-1.081838	-0.349034	1.342648	
193	0.105469	-1.067654	-0.367804	1.375943	
193	0.059056	-1.054688	-0.383159	1.405195	
194	0.316406	-1.121769	-0.284693	1.242570	
194	0.369141	-1.134468	-0.260694	1.209220	
195	0.369141	-1.134468	-0.260694	1.209220	
195	0.421875	-1.146396	-0.235753	1.176276	
196	0.263672	-1.108281	-0.307685	1.276311	
196	0.260433	-1.107422	-0.309064	1.278398	
197	0.263672	-1.108281	-0.307685	1.276311	
197	0.316406	-1.121769	-0.284693	1.242570	
198	0.210938	-1.095361	-0.328974	1.309428	
198	0.260433	-1.107422	-0.309064	1.278398	
199	0.000000	-1.039393	-0.400309	1.440698	
199	0.052734	-1.053063	-0.385092	1.409031	
200	0.052734	-1.053063	-0.385092	1.409031	
200	0.059056	-1.054688	-0.383159	1.405195	
201	1.265625	-1.262683	0.264300	0.701585	
201	1.318359	-1.264832	0.299837	0.675766	
202	1.318359	-1.264832	0.299837	0.675766	
202	1.345558	-1.265625	0.318269	0.662652	
203	1.611957	-1.265625	0.503833	0.540174	
203	1.634766	-1.264953	0.520106	0.530192	
204	1.634766	-1.264953	0.520106	0.530192	
204	1.687500	-1.262773	0.557849	0.507471	
205	0.843750	-1.223345	-0.004865	0.924795	
205	0.896484	-1.230516	0.027142	0.895211	
206	0.896484	-1.230516	0.027142	0.895211	
206	0.949219	-1.237011	0.059655	0.866126	
207	0.949219	-1.237011	0.059655	0.866126	
207	1.001953	-1.242849	0.092654	0.837529	
208	1.001953	-1.242849	0.092654	0.837529	
208	1.054688	-1.248048	0.126120	0.809411	
209	1.054688	-1.248048	0.126120	0.809411	
209	1.107422	-1.252621	0.160036	0.781763	
210	1.107422	-1.252621	0.160036	0.781763	
210	1.160156	-1.256580	0.194383	0.754580	
211	1.160156	-1.256580	0.194383	0.754580	
211	1.212891	-1.259933	0.229143	0.727855	
212	1.212891	-1.259933	0.229143	0.727855	
212	1.265625	-1.262683	0.264300	0.701585	
213	1.212891	1.249220	0.163345	-0.719585	
213	1.265625	1.250406	0.199163	-0.694375	
214	1.160156	1.247435	0.127939	-0.745257	
214	1.212891	1.249220	0.163345	-0.719585	
215	1.107422	1.245051	0.092964	-0.771393	
215	1.160156	1.247435	0.127939	-0.745257	
216	1.054688	1.242066	0.058441	-0.797996	
216	1.107422	1.245051	0.092964	-0.771393	
217	1.001953	1.238475	0.024391	-0.825071	
217	1.054688	1.242066	0.058441	-0.797996	
218	0.949219	1.234271	-0.009162	-0.852621	
218	1.001953	1.238475	0.024391	-0.825071	
219	0.896484	1.229442	-0.042196	-0.880651	
219	0.949219	1.234271	-0.009162	-0.852621	
220	0.843750	1.223978	-0.074686	-0.909167	
220	0.896484	1.229442	-0.042196	-0.880651	
221	1.634766	1.241571	0.459867	-0.530648	
221	1.687500	1.237758	0.498339	-0.509057	
222	1.582031	1.244724	0.421671	-0.552686	
222	1.634766	1.241571	0.459867	-0.530648	
223	1.529297	1.247231	0.383767	-0.575170	
223	1.582031	1.244724	0.421671	-0.552686	
224	1.476562	1.249101	0.346169	-0.598105	
224	1.529297	1.247231	0.383767	-0.575170	
225	1.423828	1.250346	0.308893	-0.621491	
225	1.476562	1.249101	0.346169	-0.598105	
226	1.371094	1.250974	0.271955	-0.645330	
226	1.423828	1.250346	0.308893	-0.621491	
227	1.318359	1.250992	0.235372	-0.669624	
227	1.371094	1.250974	0.271955	-0.645330	
228	1.265625	1.250406	0.199163	-0.694375	
228	1.318359	1.250992	0.235372	-0.669624	
229	0.263672	1.129434	-0.380384	-1.248193	
229	0.316406	1.140423	-0.357583	-1.216023	
230	0.210938	1.117845	-0.401981	-1.280540	
230	0.263672	1.129434	-0.380384	-1.248193	
231	0.369141	1.150797	-0.333662	-1.184091	
231	0.419702	1.160156	-0.309749	-1.153744	
232	0.316406	1.140423	-0.357583	-1.216023	
232	0.369141	1.150797	-0.333662	-1.184091	
233	0.419702	1.160156	-0.309749	-1.153744	
233	0.421875	1.160597	-0.308676	-1.152415	
234	0.000000	1.071014	-0.472388	-1.405748	
234	0.052734	1.082907	-0.457261	-1.375253	
235	0.052734	1.082907	-0.457261	-1.375253	
235	0.105469	1.094570	-0.440487	-1.344208	
236	0.105469	1.094570	-0.440487	-1.344208	
236	0.158203	1.105877	-0.422190	-1.312839	
237	0.158203	1.105877	-0.422190	-1.312839	
237	0.165563	1.107422	-0.419521	-1.308446	
238	0.165563	1.107422	-0.419521	-1.308446	
238	0.210938	1.117845	-0.401981	-1.280540	
239	0.738281	1.211231	-0.137852	-0.967612	
239	0.752381	1.212891	-0.129647	-0.959778	
240	0.791016	1.217863	-0.106606	-0.938176	
240	0.843750	1.223978	-0.074686	-0.909167	
241	0.752381	1.212891	-0.129647	-0.959778	
241	0.791016	1.217863	-0.106606	-0.938176	
242	0.632812	1.196959	-0.197887	-1.027442	
242	0.685547	1.204404	-0.168222	-0.997305	
243	0.685547	1.204404	-0.168222	-0.997305	
243	0.738281	1.211231	-0.137852	-0.967612	
244	0.527344	1.180133	-0.254944	-1.089050	
244	0.580078	1.188875	-0.226808	-1.058024	
245	0.580078	1.188875	-0.226808	-1.058024	
245	0.632812	1.196959	-0.197887	-1.027442	
246	0.421875	1.160597	-0.308676	-1.152415	
246	0.474609	1.170712	-0.282251	-1.120516	
247	0.474609	1.170712	-0.282251	-1.120516	
247	0.527344	1.180133	-0.254944	-1.089050	
248	3.356632	0.632812	1.818708	-0.051452	
248	3.375000	0.615473	1.834050	-0.049094	
249	3.226605	0.738281	1.710189	-0.070272	
249	3.269531	0.705550	1.745855	-0.063684	
250	3.295094	0.685547	1.767236	-0.059921	
250	3.322266	0.662531	1.789869	-0.056093	
251	3.322266	0.662531	1.789869	-0.056093	
251	3.356632	0.632812	1.818708	-0.051452	
252	3.269531	0.705550	1.745855	-0.063684	
252	3.295094	0.685547	1.767236	-0.059921	
253	3.164062	0.781846	1.658286	-0.080535	
253	3.216797	0.745243	1.702012	-0.071836	
254	3.216797	0.745243	1.702012	-0.071836	
254	3.226605	0.738281	1.710189	-0.070272	
255	3.150500	0.791016	1.647099	-0.082850	
255	3.164062	0.781846	1.658286	-0.080535	
256	3.111328	0.815860	1.614694	-0.089757	
256	3.150500	0.791016	1.647099	-0.082850	
257	3.065608	0.843750	1.577066	-0.098151	
257	3.111328	0.815860	1.614694	-0.089757	
258	2.741530	1.001953	1.313069	-0.167968	
258	2.742188	1.001686	1.313599	-0.167809	
259	2.689453	1.022365	1.271155	-0.180787	
259	2.741530	1.001953	1.313069	-0.167968	
260	2.636719	1.041856	1.228861	-0.194205	
260	2.689453	1.022365	1.271155	-0.180787	
261	2.600176	1.054688	1.199639	-0.203761	
261	2.636719	1.041856	1.228861	-0.194205	
262	2.900391	0.931722	1.441792	-0.131562	
262	2.953125	0.905486	1.484818	-0.120392	
263	2.863579	0.949219	1.411868	-0.139626	
263	2.900391	0.931722	1.441792	-0.131562	
264	2.847656	0.956471	1.398924	-0.143189	
264	2.863579	0.949219	1.411868	-0.139626	
265	2.742188	1.001686	1.313599	-0.167809	
265	2.794922	0.979728	1.356183	-0.155276	
266	2.794922	0.979728	1.356183	-0.155276	
266	2.847656	0.956471	1.398924	-0.143189	
267	2.531250	1.077558	1.144744	-0.222343	
267	2.583984	1.060222	1.186719	-0.208060	
268	2.583984	1.060222	1.186719	-0.208060	
268	2.600176	1.054688	1.199639	-0.203761	
269	2.970659	0.896484	1.499175	-0.116777	
269	3.005859	0.877491	1.527965	-0.109697	
270	3.005859	0.877491	1.527965	-0.109697	
270	3.058594	0.847792	1.571282	-0.099476	
271	2.953125	0.905486	1.484818	-0.120392	
271	2.970659	0.896484	1.499175	-0.116777	
272	3.058594	0.847792	1.571282	-0.099476	
272	3.065608	0.843750	1.577066	-0.098151	
273	2.003906	1.200621	0.734473	-0.388698	
273	2.056641	1.192013	0.774655	-0.370137	
274	2.056641	1.192013	0.774655	-0.370137	
274	2.109375	1.182608	0.815027	-0.352012	
275	1.918449	1.212891	0.669764	-0.419715	
275	1.951172	1.208454	0.694489	-0.407697	
276	1.951172	1.208454	0.694489	-0.407697	
276	2.003906	1.200621	0.734473	-0.388698	
277	1.898438	1.215629	0.654750	-0.427116	
277	1.918449	1.212891	0.669764	-0.419715	
278	1.845703	1.222224	0.615293	-0.446941	
278	1.898438	1.215629	0.654750	-0.427116	
279	1.792969	1.228100	0.576064	-0.467206	
279	1.845703	1.222224	0.615293	-0.446941	
280	1.740234	1.233273	0.537076	-0.487910	
280	1.792969	1.228100	0.576064	-0.467206	
281	1.687500	1.237758	0.498339	-0.509057	
281	1.740234	1.233273	0.537076	-0.487910	
282	2.373047	1.123552	1.019771	-0.267776	
282	2.425781	1.109098	1.061240	-0.252213	
283	2.320312	1.137053	0.978459	-0.283772	
283	2.373047	1.123552	1.019771	-0.267776	
284	2.431668	1.107422	1.065877	-0.250503	
284	2.478516	1.093834	1.102916	-0.237061	
285	2.478516	1.093834	1.102916	-0.237061	
285	2.531250	1.077558	1.144744	-0.222343	
286	2.425781	1.109098	1.061240	-0.252213	
286	2.431668	1.107422	1.065877	-0.250503	
287	2.267578	1.149626	0.937303	-0.300201	
287	2.320312	1.137053	0.978459	-0.283772	
288	2.220136	1.160156	0.900411	-0.315355	
288	2.267578	1.149626	0.937303	-0.300201	
289	2.214844	1.161322	0.896317	-0.317062	
289	2.220136	1.160156	0.900411	-0.315355	
290	2.109375	1.182608	0.815027	-0.352012	
290	2.162109	1.172385	0.855583	-0.334321	
291	2.162109	1.172385	0.855583	-0.334321	
291	2.214844	1.161322	0.896317	-0.317062	
292	3.685478	0.105469	2.099927	-0.023379	
292	3.691406	0.070490	2.105382	-0.023303	
293	3.699610	0.000000	2.113524	-0.023285	
293	3.694477	0.052734	2.108325	-0.023281	
294	3.691406	0.070490	2.105382	-0.023303	
294	3.694477	0.052734	2.108325	-0.023281	
295	3.685478	0.105469	2.099927	-0.023379	
295	3.672550	0.158203	2.088273	-0.023662	
296	3.672550	0.158203	2.088273	-0.023662	
296	3.655483	0.210938	2.073170	-0.024219	
297	3.634210	0.263672	2.054565	-0.025147	
297	3.638672	0.252514	2.058404	-0.024936	
298	3.638672	0.252514	2.058404	-0.024936	
298	3.655483	0.210938	2.073170	-0.024219	
299	3.634210	0.263672	2.054565	-0.025147	
299	3.608896	0.316406	2.032654	-0.026527	
300	3.585938	0.356880	2.012825	-0.028009	
300	3.608896	0.316406	2.032654	-0.026527	
301	3.579013	0.369141	2.006937	-0.028489	
301	3.585938	0.356880	2.012825	-0.028009	
302	3.579013	0.369141	2.006937	-0.028489	
302	3.544693	0.421875	1.977591	-0.031127	
303	3.461445	0.527344	1.906924	-0.039002	
303	3.480469	0.504721	1.922942	-0.037042	
304	3.505618	0.474609	1.944345	-0.034579	
304	3.533203	0.437412	1.967731	-0.032101	
305	3.533203	0.437412	1.967731	-0.032101	
305	3.544693	0.421875	1.977591	-0.031127	
306	3.480469	0.504721	1.922942	-0.037042	
306	3.505618	0.474609	1.944345	-0.034579	
307	3.411909	0.580078	1.865139	-0.044560	
307	3.427734	0.563359	1.878402	-0.042728	
308	3.427734	0.563359	1.878402	-0.042728	
308	3.461445	0.527344	1.906924	-0.039002	
309	3.375000	0.615473	1.834050	-0.049094	
309	3.411909	0.580078	1.865139	-0.044560	
310	-4.674956	0.000000	-3.088871	0.086491	
310	-4.680791	0.052734	-3.094639	0.086482	
311	-4.680791	0.052734	-3.094639	0.086482	
311	-4.682709	0.105469	-3.097155	0.086509	
312	-4.682709	0.105469	-3.097155	0.086509	
312	-4.680719	0.158203	-3.096427	0.086489	
313	-4.680719	0.158203	-3.096427	0.086489	
313	-4.674787	0.210938	-3.092427	0.086341	
314	-4.674787	0.210938	-3.092427	0.086341	
314	-4.664833	0.263672	-3.085086	0.085978	
315	-4.664833	0.263672	-3.085086	0.085978	
315	-4.650731	0.316406	-3.074298	0.085307	
316	-4.650731	0.316406	-3.074298	0.085307	
316	-4.640625	0.345523	-3.066331	0.084731	
317	-4.640625	0.345523	-3.066331	0.084731	
317	-4.632510	0.369141	-3.060110	0.084241	
318	-4.632510	0.369141	-3.060110	0.084241	
318	-4.610083	0.421875	-3.042467	0.082684	
319	-4.610083	0.421875	-3.042467	0.082684	
319	-4.587891	0.465129	-3.024790	0.080909	
320	-4.587891	0.465129	-3.024790	0.080909	
320	-4.583042	0.474609	-3.021000	0.080503	
321	-4.583042	0.474609	-3.021000	0.080503	
321	-4.551544	0.527344	-2.995907	0.077610	
322	-4.535156	0.551117	-2.982705	0.075955	
322	-4.515107	0.580078	-2.966769	0.073844	
323	-4.482422	0.621523	-2.940501	0.070110	
323	-4.473442	0.632812	-2.933367	0.069044	
324	-4.515107	0.580078	-2.966769	0.073844	
324	-4.482422	0.621523	-2.940501	0.070110	
325	-4.551544	0.527344	-2.995907	0.077610	
325	-4.535156	0.551117	-2.982705	0.075955	
326	-4.429688	0.681775	-2.898226	0.063488	
326	-4.426272	0.685547	-2.895509	0.063038	
327	-4.376953	0.734609	-2.855897	0.056160	
327	-4.373195	0.738281	-2.852904	0.055616	
328	-4.426272	0.685547	-2.895509	0.063038	
328	-4.376953	0.734609	-2.855897	0.056160	
329	-4.324219	0.781838	-2.813558	0.048182	
329	-4.313657	0.791016	-2.805133	0.046520	
330	-4.271484	0.824685	-2.771250	0.039598	
330	-4.246909	0.843750	-2.751625	0.035418	
331	-4.313657	0.791016	-2.805133	0.046520	
331	-4.271484	0.824685	-2.771250	0.039598	
332	-4.373195	0.738281	-2.852904	0.055616	
332	-4.324219	0.781838	-2.813558	0.048182	
333	-4.473442	0.632812	-2.933367	0.069044	
333	-4.429688	0.681775	-2.898226	0.063488	
334	-4.218750	0.863993	-2.729007	0.030446	
334	-4.171957	0.896484	-2.691622	0.021878	
335	-4.166016	0.900338	-2.686853	0.020754	
335	-4.113281	0.933728	-2.644706	0.010522	
336	-4.171957	0.896484	-2.691622	0.021878	
336	-4.166016	0.900338	-2.686853	0.020754	
337	-4.113281	0.933728	-2.644706	0.010522	
337	-4.087849	0.949219	-2.624464	0.005419	
338	-4.087849	0.949219	-2.624464	0.005419	
338	-4.060547	0.964877	-2.602661	-0.000213	
339	-4.060547	0.964877	-2.602661	-0.000213	
339	-4.007812	0.993936	-2.560704	-0.011440	
340	-3.902344	1.046415	-2.477038	-0.035336	
340	-3.884513	1.054688	-2.462948	-0.039555	
341	-4.007812	0.993936	-2.560704	-0.011440	
341	-3.992766	1.001953	-2.548770	-0.014726	
342	-3.955078	1.021012	-2.518815	-0.023154	
342	-3.902344	1.046415	-2.477038	-0.035336	
343	-3.992766	1.001953	-2.548770	-0.014726	
343	-3.955078	1.021012	-2.518815	-0.023154	
344	-3.884513	1.054688	-2.462948	-0.039555	
344	-3.849609	1.070177	-2.435347	-0.047983	
345	-3.849609	1.070177	-2.435347	-0.047983	
345	-3.796875	1.092470	-2.393764	-0.061085	
346	-3.480469	1.200028	-2.146737	-0.148949	
346	-3.432436	1.212891	-2.109626	-0.163652	
347	-3.427734	1.214127	-2.106006	-0.165108	
347	-3.375000	1.227392	-2.065461	-0.181674	
348	-3.432436	1.212891	-2.109626	-0.163652	
348	-3.427734	1.214127	-2.106006	-0.165108	
349	-3.585938	1.168703	-2.228575	-0.117927	
349	-3.533203	1.184902	-2.187594	-0.133221	
350	-3.533203	1.184902	-2.187594	-0.133221	
350	-3.480469	1.200028	-2.146737	-0.148949	
351	-3.796875	1.092470	-2.393764	-0.061085	
351	-3.759606	1.107422	-2.364450	-0.070613	
352	-3.744141	1.113402	-2.352294	-0.074634	
352	-3.691406	1.133025	-2.310933	-0.088628	
353	-3.759606	1.107422	-2.364450	-0.070613	
353	-3.744141	1.113402	-2.352294	-0.074634	
354	-3.638672	1.151433	-2.269690	-0.103061	
354	-3.612401	1.160156	-2.249186	-0.110415	
355	-3.691406	1.133025	-2.310933	-0.088628	
355	-3.638672	1.151433	-2.269690	-0.103061	
356	-3.612401	1.160156	-2.249186	-0.110415	
356	-3.585938	1.168703	-2.228575	-0.117927	
357	-4.246909	0.843750	-2.751625	0.035418	
357	-4.218750	0.863993	-2.729007	0.030446	
358	-1.691547	1.265625	-0.898302	-0.938864	
358	-1.687500	1.264998	-0.896024	-0.941209	
359	-2.109375	1.317136	-1.154796	-0.708244	
359	-2.056641	1.312850	-1.120738	-0.735697	
360	-2.056641	1.312850	-1.120738	-0.735697	
360	-2.003906	1.307955	-1.087129	-0.763611	
361	-2.003906	1.307955	-1.087129	-0.763611	
361	-1.951172	1.302442	-1.053988	-0.791993	
362	-1.951172	1.302442	-1.053988	-0.791993	
362	-1.898438	1.296294	-1.021334	-0.820850	
363	-1.898438	1.296294	-1.021334	-0.820850	
363	-1.845703	1.289493	-0.989187	-0.850191	
364	-1.845703	1.289493	-0.989187	-0.850191	
364	-1.792969	1.282018	-0.957567	-0.880027	
365	-1.792969	1.282018	-0.957567	-0.880027	
365	-1.740234	1.273844	-0.926495	-0.910371	
366	-1.740234	1.273844	-0.926495	-0.910371	
366	-1.691547	1.265625	-0.898302	-0.938864	
367	-2.478516	1.331145	-1.404571	-0.528474	
367	-2.425781	1.331049	-1.367880	-0.552781	
368	-2.531250	1.330597	-1.441559	-0.504617	
368	-2.478516	1.331145	-1.404571	-0.528474	
369	-2.373047	1.330314	-1.331499	-0.577539	
369	-2.320312	1.328941	-1.295443	-0.602754	
370	-2.425781	1.331049	-1.367880	-0.552781	
370	-2.373047	1.330314	-1.331499	-0.577539	
371	-2.267578	1.326932	-1.259726	-0.628429	
371	-2.214844	1.324284	-1.224362	-0.654571	
372	-2.320312	1.328941	-1.295443	-0.602754	
372	-2.267578	1.326932	-1.259726	-0.628429	
373	-2.127013	1.318359	-1.166247	-0.699193	
373	-2.109375	1.317136	-1.154796	-0.708244	
374	-2.162109	1.320993	-1.189366	-0.681184	
374	-2.127013	1.318359	-1.166247	-0.699193	
375	-2.214844	1.324284	-1.224362	-0.654571	
375	-2.162109	1.320993	-1.189366	-0.681184	
376	-3.216797	1.261564	-1.944661	-0.233950	
376	-3.194877	1.265625	-1.928012	-0.241504	
377	-3.269531	1.251083	-1.984785	-0.216094	
377	-3.216797	1.261564	-1.944661	-0.233950	
378	-3.322266	1.239701	-2.025053	-0.198670	
378	-3.269531	1.251083	-1.984785	-0.216094	
379	-3.375000	1.227392	-2.065461	-0.181674	
379	-3.322266	1.239701	-2.025053	-0.198670	
380	-2.953125	1.302500	-1.746884	-0.329480	
380	-2.900391	1.308371	-1.707885	-0.349873	
381	-2.900391	1.308371	-1.707885	-0.349873	
381	-2.847656	1.313512	-1.669091	-0.370698	
382	-2.847656	1.313512	-1.669091	-0.370698	
382	-2.794922	1.317940	-1.630513	-0.391957	
383	-2.794922	1.317940	-1.630513	-0.391957	
383	-2.789133	1.318359	-1.626281	-0.394323	
384	-2.789133	1.318359	-1.626281	-0.394323	
384	-2.742188	1.321817	-1.592223	-0.413616	
385	-2.689453	1.325020	-1.554175	-0.435706	
385	-2.636719	1.327543	-1.516374	-0.458235	
386	-2.742188	1.321817	-1.592223	-0.413616	
386	-2.689453	1.325020	-1.554175	-0.435706	
387	-2.583984	1.329399	-1.478831	-0.481204	
387	-2.531250	1.330597	-1.441559	-0.504617	
388	-2.636719	1.327543	-1.516374	-0.458235	
388	-2.583984	1.329399	-1.478831	-0.481204	
389	-3.194877	1.265625	-1.928012	-0.241504	
389	-3.164062	1.271306	-1.904738	-0.252212	
390	-3.164062	1.271306	-1.904738	-0.252212	
390	-3.111328	1.280304	-1.865012	-0.270886	
391	-3.111328	1.280304	-1.865012	-0.270886	
391	-3.058594	1.288487	-1.825456	-0.289988	
392	-3.058594	1.288487	-1.825456	-0.289988	
392	-3.005859	1.295879	-1.786077	-0.309519	
393	-3.005859	1.295879	-1.786077	-0.309519	
393	-2.953125	1.302500	-1.746884	-0.329480	
394	-0.685547	1.030999	-0.529964	-1.528558	
394	-0.632812	1.021887	-0.526947	-1.546071	
395	-0.738281	1.041500	-0.534645	-1.507495	
395	-0.685547	1.030999	-0.529964	-1.528558	
396	-0.791016	1.052956	-0.541119	-1.483579	
396	-0.738281	1.041500	-0.534645	-1.507495	
397	-0.798393	1.054688	-0.542191	-1.479974	
397	-0.791016	1.052956	-0.541119	-1.483579	
398	-0.474609	1.006852	-0.524685	-1.570962	
398	-0.421875	1.006771	-0.524551	-1.568743	
399	-0.527344	1.009497	-0.524756	-1.567778	
399	-0.474609	1.006852	-0.524685	-1.570962	
400	-0.580078	1.014596	-0.525342	-1.559343	
400	-0.527344	1.009497	-0.524756	-1.567778	
401	-0.632812	1.021887	-0.526947	-1.546071	
401	-0.580078	1.014596	-0.525342	-1.559343	
402	-0.843750	1.066226	-0.549796	-1.456328	
402	-0.798393	1.054688	-0.542191	-1.479974	
403	-0.263672	1.020535	-0.518419	-1.532189	
403	-0.210938	1.028726	-0.513179	-1.511876	
404	-0.316406	1.013889	-0.521868	-1.548873	
404	-0.263672	1.020535	-0.518419	-1.532189	
405	-0.369141	1.009189	-0.523781	-1.561250	
405	-0.316406	1.013889	-0.521868	-1.548873	
406	-0.421875	1.006771	-0.524551	-1.568743	
406	-0.369141	1.009189	-0.523781	-1.561250	
407	-0.105469	1.048114	-0.496916	-1.463079	
407	-0.072755	1.054688	-0.490272	-1.446237	
408	-0.158203	1.038048	-0.506021	-1.488626	
408	-0.105469	1.048114	-0.496916	-1.463079	
409	-0.210938	1.028726	-0.513179	-1.511876	
409	-0.158203	1.038048	-0.506021	-1.488626	
410	-0.072755	1.054688	-0.490272	-1.446237	
410	-0.052734	1.059071	-0.485737	-1.435387	
411	-0.052734	1.059071	-0.485737	-1.435387	
411	0.000000	1.071014	-0.472388	-1.405748	
412	-1.371094	1.202109	-0.730456	-1.133533	
412	-1.318359	1.189956	-0.706210	-1.166569	
413	-1.318359	1.189956	-0.706210	-1.166569	
413	-1.265625	1.177041	-0.682950	-1.199977	
414	-1.420878	1.212891	-0.754191	-1.102705	
414	-1.371094	1.202109	-0.730456	-1.133533	
415	-1.423828	1.213587	-0.755660	-1.100842	
415	-1.420878	1.212891	-0.754191	-1.102705	
416	-1.476562	1.225384	-0.782244	-1.067932	
416	-1.423828	1.213587	-0.755660	-1.100842	
417	-1.529297	1.236390	-0.809611	-1.035524	
417	-1.476562	1.225384	-0.782244	-1.067932	
418	-1.582031	1.246638	-0.837720	-1.003609	
418	-1.529297	1.236390	-0.809611	-1.035524	
419	-1.634766	1.256164	-0.866535	-0.972174	
419	-1.582031	1.246638	-0.837720	-1.003609	
420	-1.687500	1.264998	-0.896024	-0.941209	
420	-1.634766	1.256164	-0.866535	-0.972174	
421	-1.002100	1.107422	-0.587012	-1.365771	
421	-1.001953	1.107384	-0.586970	-1.365859	
422	-1.001953	1.107384	-0.586970	-1.365859	
422	-0.949219	1.093807	-0.572862	-1.396940	
423	-1.054688	1.122162	-0.603279	-1.333017	
423	-1.002100	1.107422	-0.587012	-1.365771	
424	-0.949219	1.093807	-0.572862	-1.396940	
424	-0.896484	1.080012	-0.560430	-1.427222	
425	-0.896484	1.080012	-0.560430	-1.427222	
425	-0.843750	1.066226	-0.549796	-1.456328	
426	-1.201019	1.160156	-0.655906	-1.241377	
426	-1.160156	1.150049	-0.640211	-1.266931	
427	-1.107422	1.136413	-0.621068	-1.299986	
427	-1.054688	1.122162	-0.603279	-1.333017	
428	-1.160156	1.150049	-0.640211	-1.266931	
428	-1.107422	1.136413	-0.621068	-1.299986	
429	-1.265625	1.177041	-0.682950	-1.199977	
429	-1.212891	1.163352	-0.660751	-1.233730	
430	-1.212891	1.163352	-0.660751	-1.233730	
430	-1.201019	1.160156	-0.655906	-1.241377	
