1 -14782.950543 3.166166 151.688636 756.889500 0.000000 
1 -22789.395946 1.375257 32.028664 180.549465 0.000000 
1 -22788.618991 3.074164 83.981140 284.342630 0.000000 
1 -22982.141954 0.150572 99.862122 779.978513 0.000000 
1 -22811.270762 0.067951 60.346312 456.690738 0.000000 
1 -11365.676718 1.802766 10.493095 685.800979 0.000000 
1 -11394.120780 3.270468 114.473066 352.535851 0.000000 
1 -22791.164623 0.055671 143.608536 266.148264 0.000000 
1 -11336.454078 0.977504 108.467479 476.495642 0.000000 
1 -22820.490423 3.026404 105.903220 280.095165 0.000000 
1 -22809.501069 2.579744 134.038900 276.890304 -0.181170 
1 -11373.827109 2.051103 93.235206 513.454605 -0.181170 
1 -22788.527423 2.946287 61.580709 296.838076 -0.181170 
1 -22982.362311 0.274729 121.610759 767.846652 -0.181170 
1 -22793.316275 1.856736 43.818104 306.337449 -0.181170 
1 -22970.253627 0.847104 40.808575 750.780640 -0.181170 
1 -11625.273692 1.987442 4.865489 820.649398 -0.181170 
1 -22790.625293 0.400401 116.362067 243.647101 -0.181170 
1 -11542.996074 0.683998 176.216316 705.326516 -0.181170 
1 -22980.615889 0.059786 35.588933 781.023293 -0.181170 
1 -89.649823 1.672192 50.807936 709.298625 -0.318562 
1 -11443.847422 2.724378 49.257125 671.042442 -0.318562 
1 -12920.573634 3.315698 147.571661 758.960286 -0.318562 
1 -11972.545447 1.676675 141.143660 896.026228 -0.318562 
1 -22788.942599 2.817919 89.948556 232.308417 -0.318562 
1 -22790.873103 1.358384 20.480210 211.958403 -0.318562 
1 -22788.637747 0.085314 170.445733 122.887080 -0.318562 
1 -22963.478751 0.248223 86.941639 764.838920 -0.318562 
1 -11542.996074 0.683998 176.216316 705.326516 -0.318562 
1 -11301.586112 2.081970 144.609535 452.157106 -0.318562 
1 -11394.500371 1.044849 120.773663 646.608893 -0.460802 
1 -13169.455954 3.440184 59.641510 563.745698 -0.460802 
1 -11388.140852 1.179122 33.210693 499.323990 -0.460802 
1 -15018.628461 4.958601 135.836040 816.286043 -0.460802 
1 -11454.780617 1.288031 100.813692 814.627376 -0.460802 
1 -22796.555779 2.621970 32.535615 268.826264 -0.460802 
1 -22791.329503 0.019563 121.079846 270.862822 -0.460802 
1 -22788.867948 0.773294 119.061763 147.377904 -0.460802 
1 -15.139774 1.645911 70.501573 718.731717 -0.460802 
1 -23106.563007 0.561956 83.512163 899.065617 -0.460802 
1 -70.425568 0.573658 164.734711 580.187259 -0.573529 
1 -60.100197 1.475942 144.245639 537.504170 -0.573529 
1 -11388.140852 1.179122 33.210693 499.323990 -0.573529 
1 -11359.196604 2.561277 13.349038 601.657434 -0.573529 
1 -11449.175168 4.256618 146.407809 447.290949 -0.573529 
1 -22796.769569 2.626420 32.190246 268.051366 -0.573529 
1 -11494.529739 2.028456 105.030283 784.960594 -0.573529 
1 -11592.708005 2.406638 37.913831 896.049338 -0.573529 
1 -11339.398836 1.535943 96.948980 642.149267 -0.573529 
1 -23010.870963 0.362047 172.819134 801.505549 -0.573529 
1 -22804.713838 0.016605 64.937117 419.602170 -0.740928 
1 -22957.681389 0.051487 37.554559 756.178972 -0.740928 
1 -13481.746968 4.538818 127.838771 732.873572 -0.740928 
1 -22795.690345 2.361455 153.056866 242.940810 -0.740928 
1 -22792.306359 1.568769 48.839798 306.617981 -0.740928 
1 -13091.004248 3.176016 152.968623 778.068324 -0.740928 
1 -11345.423832 2.059744 1.294904 602.111568 -0.740928 
1 -333.137133 0.425714 12.893435 598.115099 -0.740928 
1 -11448.748315 2.784233 35.612816 625.244731 -0.740928 
1 -11450.726035 2.580385 70.741353 686.176437 -0.740928 
1 -107.977778 1.096831 170.474043 597.366152 -0.865790 
1 -22788.954868 1.003579 90.772629 168.828718 -0.865790 
1 -11303.385068 3.089246 143.589035 428.645770 -0.865790 
1 -39.174685 1.683226 177.806997 467.360020 -0.865790 
1 -11583.626763 2.222033 31.169460 775.058477 -0.865790 
1 -22788.655031 3.343174 70.397446 248.868051 -0.865790 
1 -22788.607836 2.448532 64.111019 200.693105 -0.865790 
1 -351.035953 0.432640 12.892685 602.664885 -0.865790 
1 -22813.711473 3.265405 52.826225 655.062974 -0.865790 
1 -11608.417439 1.998291 114.346438 779.207095 -0.865790 
1 -23065.848771 0.635180 155.196496 836.467128 -0.942861 
1 -11408.535588 3.253231 147.930157 520.244958 -0.942861 
1 -11359.646328 2.286174 111.264897 532.505025 -0.942861 
1 -54.933964 0.834502 67.150574 547.085763 -0.942861 
1 -11598.878324 1.913952 6.118274 817.458486 -0.942861 
1 -22810.268087 1.362111 15.080026 332.045619 -0.942861 
1 -31.721057 1.741931 65.234212 874.249975 -0.942861 
1 -1261.681282 2.604271 140.711147 781.104228 -0.942861 
1 -50.516086 1.838199 174.075527 538.218670 -0.942861 
1 -11358.680976 1.803425 102.925424 651.807302 -0.942861 
1 -22799.240066 0.463752 136.544040 357.676543 -1.087514 
1 -11598.478732 1.009789 8.203261 799.323115 -1.087514 
1 -11406.378051 3.115889 12.902029 314.619332 -1.087514 
1 -22788.655761 0.605532 103.595549 122.586519 -1.087514 
1 -11357.582038 1.852385 115.921917 570.621381 -1.087514 
1 -11343.081715 1.604447 85.664400 666.059502 -1.087514 
1 -22962.293347 0.705766 38.935889 742.051978 -1.087514 
1 -22791.020466 0.058155 97.688630 263.431668 -1.087514 
1 -22788.869631 3.026468 44.304356 395.658745 -1.087514 
1 -11384.985444 1.850068 114.382792 626.528098 -1.087514 
1 -22795.621794 4.888760 128.580649 146.043669 -1.177844 
1 -2173.481567 2.833710 1.227140 855.169508 -1.177844 
1 -11447.842916 2.365429 30.104414 621.251403 -1.177844 
1 -11319.585199 2.764077 139.070962 358.283015 -1.177844 
1 -11549.396620 2.122901 34.949699 799.560924 -1.177844 
1 -11373.650781 1.012587 14.036023 710.725129 -1.177844 
1 -11663.709230 3.602440 64.786072 306.256576 -1.177844 
1 -83.617344 2.280615 55.399078 777.311196 -1.177844 
1 -11352.635080 1.504275 24.843463 742.626392 -1.177844 
1 -11534.836176 2.190885 120.255282 701.551548 -1.177844 
1 -11649.012506 0.797159 161.827167 702.922296 -1.286763 
1 -11693.913672 2.679163 6.931491 856.784935 -1.286763 
1 -12356.224947 3.469276 14.708058 652.806690 -1.286763 
1 -317.290266 2.185845 142.182241 639.156342 -1.286763 
1 -11424.252003 2.746763 27.294877 418.199150 -1.286763 
1 -207.132105 0.806866 137.660763 609.687444 -1.286763 
1 -11333.764382 1.248664 107.718669 573.954477 -1.286763 
1 -22817.298810 2.115955 12.411151 311.557002 -1.286763 
1 -22793.576903 2.696975 4.453250 187.441973 -1.286763 
1 -109.861508 2.784502 165.007003 577.226065 -1.286763 
1 -20.176010 1.720735 65.389822 825.165026 -1.328154 
1 -37.304409 1.939207 80.202723 882.904380 -1.328154 
1 -8.415654 2.653787 163.446095 431.184167 -1.328154 
1 -259.940481 2.763208 160.012703 631.200099 -1.328154 
1 -22.467829 1.586433 66.044590 809.730163 -1.328154 
1 -11456.774548 0.757735 15.922005 725.718863 -1.328154 
1 -120.481856 2.948913 161.324241 276.779592 -1.328154 
1 -12366.936555 2.853282 17.518661 851.434618 -1.328154 
1 -11612.817216 1.962305 119.002183 845.760617 -1.328154 
1 -11341.830495 1.642451 100.513575 540.111427 -1.328154 
1 -11403.964512 0.450308 108.707063 615.244216 -1.378033 
1 -11365.308071 2.201913 89.587789 812.752286 -1.378033 
1 -58.005632 1.625797 1.404100 460.898031 -1.378033 
1 -205.021887 2.193797 161.539330 635.847707 -1.378033 
1 -33.185914 0.569505 174.598740 536.147328 -1.378033 
1 -163.390327 2.151426 140.439830 576.160130 -1.378033 
1 -22790.968287 3.250674 56.769130 482.461719 -1.378033 
1 -15076.356529 3.118278 24.394626 857.251872 -1.378033 
1 -749.253512 2.460613 173.180970 740.860278 -1.378033 
1 -22.149993 2.696429 164.446327 400.732680 -1.378033 
1 -573.909550 2.024041 170.370471 723.578929 -1.397981 
1 -578.558345 2.082111 156.655078 725.471553 -1.397981 
1 -364.977367 1.314556 160.838276 690.697580 -1.397981 
1 -187.945201 1.338034 148.028290 629.572034 -1.397981 
1 -7.499998 0.437774 158.017584 547.854211 -1.397981 
1 -327.581300 2.303850 138.121111 627.234265 -1.397981 
1 -356.504399 2.974177 154.513212 635.984220 -1.397981 
1 -11438.451536 2.929399 103.537595 374.100737 -1.397981 
1 -19.018503 0.968855 65.275702 666.600838 -1.397981 
1 -11422.901861 2.797033 23.381559 421.202022 -1.397981 
1 -50.580700 2.815726 177.442837 418.901416 -1.481081 
1 -11335.655051 1.437475 125.673321 453.342139 -1.481081 
1 -11618.840741 2.973429 29.106878 615.813925 -1.481081 
1 -22817.607695 0.370120 33.445007 447.987478 -1.481081 
1 -43.552933 2.665880 158.069319 530.877115 -1.481081 
1 -11394.105482 3.065671 9.791183 374.659030 -1.481081 
1 -304.908411 2.927726 0.765914 596.516543 -1.481081 
1 -11370.672494 2.848074 136.206906 495.710540 -1.481081 
1 -11399.431028 2.231426 91.294890 472.934660 -1.481081 
1 -11441.351132 2.374305 42.214411 431.762822 -1.481081 
1 -12914.307451 3.659513 60.863273 530.126826 -1.517853 
1 -9.541729 0.793812 69.969404 609.724794 -1.517853 
1 -11960.035885 3.020097 1.071456 627.512521 -1.517853 
1 -14852.433739 3.671702 149.492269 844.894795 -1.517853 
1 -265.316743 2.590828 173.003019 634.614943 -1.517853 
1 -35.046982 1.638132 63.575082 829.556930 -1.517853 
1 -223.645749 1.824088 171.241653 639.579149 -1.517853 
1 -9.053022 2.433895 166.583302 436.210564 -1.517853 
1 -79.829162 2.565145 158.960826 565.387502 -1.517853 
1 -5.175749 1.148113 161.703526 533.461153 -1.517853 
1 -11453.669104 2.952680 93.455568 515.125198 -1.560545 
1 -65.782278 1.295675 62.083214 565.651573 -1.560545 
1 -11302.103079 1.168584 53.129865 718.703832 -1.560545 
1 -11647.020254 3.042428 177.797753 558.284211 -1.560545 
1 -98.373251 2.462188 160.014127 581.728178 -1.560545 
1 -53.806173 2.565925 169.666643 366.477462 -1.560545 
1 -453.413365 2.783964 179.444798 654.552934 -1.560545 
1 -75.250238 1.494055 165.782779 403.539926 -1.560545 
1 -12292.264473 3.586393 15.042314 634.645440 -1.560545 
1 -4.120385 0.675890 166.620162 526.274260 -1.560545 
1 -854.239958 2.526789 135.316875 721.802491 -1.594393 
1 -61.936440 1.242326 64.728558 561.570378 -1.594393 
1 -8.437316 1.117688 161.535509 539.605348 -1.594393 
1 -110.095751 1.561528 170.242411 597.847988 -1.594393 
1 -11407.962710 1.662833 154.678462 401.434261 -1.594393 
1 -11390.520605 2.334011 11.715780 695.023108 -1.594393 
1 -152.877977 0.790279 168.891950 612.761322 -1.594393 
1 -28.601457 0.412924 81.831548 577.217306 -1.594393 
1 -12850.162987 4.197499 130.475801 712.118245 -1.594393 
1 -38.386794 0.565326 150.340549 560.232853 -1.594393 
1 -205.314298 1.974986 162.076137 640.746266 -1.676814 
1 -231.996962 1.041808 144.442561 638.004822 -1.676814 
1 -22810.187661 0.066159 5.708575 445.795635 -1.676814 
1 -78.721339 1.966337 53.042563 774.046006 -1.676814 
1 -26.081150 1.207165 73.017929 613.855590 -1.676814 
1 -19896.750720 3.531603 69.551198 860.564238 -1.676814 
1 -394.249933 0.570816 159.519914 660.126870 -1.676814 
1 -11363.222937 2.044758 27.349485 709.924036 -1.676814 
1 -11497.064838 3.591205 117.329256 444.890765 -1.676814 
1 -22982.515241 0.452956 124.868041 754.951772 -1.676814 
1 -11394.894440 2.641212 104.057639 398.747323 -1.741010 
1 -45.719999 0.448132 146.550644 555.743590 -1.741010 
1 -22789.835067 0.162629 125.343484 222.242334 -1.741010 
1 -47.894266 1.410808 57.811563 721.866645 -1.741010 
1 -28.636229 1.197699 73.031140 757.100197 -1.741010 
1 -2.738123 1.422763 166.849174 493.742028 -1.741010 
1 -70.063213 1.389531 148.026958 568.668420 -1.741010 
1 -11392.350947 1.403308 45.078326 597.736289 -1.741010 
1 -22790.925656 1.727394 161.997682 244.691133 -1.741010 
1 -11434.746344 1.844713 51.308898 491.268112 -1.741010 
1 -236.372514 2.109223 174.250698 632.417627 -1.827447 
1 -722.551212 2.354496 137.762112 711.179118 -1.827447 
1 -22788.643033 0.603241 22.555724 120.212553 -1.827447 
1 -22788.736485 1.436908 125.580929 114.631209 -1.827447 
1 -11399.713914 1.209148 68.261259 839.403086 -1.827447 
1 -11423.378214 2.449256 45.924871 841.821822 -1.827447 
1 -50.614039 1.957393 177.117281 418.640532 -1.827447 
1 -11392.350947 1.403308 45.078326 597.736289 -1.827447 
1 -11920.202683 1.192108 2.805665 880.086396 -1.827447 
1 -11426.987118 1.962950 5.111991 718.036791 -1.827447 
1 -93.257843 1.818746 0.437283 393.907520 -1.877218 
1 -11410.338115 1.466419 112.711760 677.170179 -1.877218 
1 -15.471389 1.412044 170.284570 468.349285 -1.877218 
1 -11471.809278 2.835364 117.637877 599.520681 -1.877218 
1 -11387.842035 3.584136 133.234572 480.661420 -1.877218 
1 -23.912915 1.121684 160.312859 460.398201 -1.877218 
1 -11430.053506 1.859510 90.201608 394.857603 -1.877218 
1 -37.877619 1.152818 175.025823 465.299611 -1.877218 
1 -83.595879 1.788004 88.542429 750.169160 -1.877218 
1 -12044.313706 2.310186 174.665266 870.280780 -1.877218 
1 -93.071047 1.827268 179.449104 391.280479 -1.950514 
1 -25.483216 2.035320 148.613977 487.335965 -1.950514 
1 -11302.009298 2.045253 142.547897 421.359714 -1.950514 
1 -11353.418115 1.824864 34.469308 710.041144 -1.950514 
1 -22822.535362 0.627058 48.517548 482.520000 -1.950514 
1 -11400.876966 1.615801 121.830066 616.861637 -1.950514 
1 -11348.828546 4.508763 128.747513 372.307507 -1.950514 
1 -52.837416 1.401269 0.387326 468.383065 -1.950514 
1 -30.369279 1.946606 76.214826 755.553408 -1.950514 
1 -11561.935107 1.711045 149.183866 710.485135 -1.950514 
1 -1094.145061 2.841024 3.383751 745.102340 -1.993256 
1 -41.547627 2.602107 176.958694 431.218668 -1.993256 
1 -11529.120283 2.957414 45.652981 293.283507 -1.993256 
1 -85.368352 2.565911 70.214796 873.096949 -1.993256 
1 -13211.388534 3.216398 23.470749 713.705112 -1.993256 
1 -11353.724621 4.322664 130.071811 413.296506 -1.993256 
1 -92.330098 1.842736 50.731899 712.359001 -1.993256 
1 -5.599135 1.888211 167.216576 463.197466 -1.993256 
1 -17.052594 1.629471 72.824665 836.801464 -1.993256 
1 -11484.591724 2.172801 22.838094 625.832410 -1.993256 
1 -656.261829 2.449221 173.821114 724.524541 -2.021347 
1 -57.044432 2.582528 0.202135 438.951827 -2.021347 
1 -812.350274 1.561792 153.506800 769.255517 -2.021347 
1 -85.678490 1.505323 155.158061 593.831721 -2.021347 
1 -1148.336188 2.958246 161.315628 768.805043 -2.021347 
1 -11353.780007 4.324739 130.127717 413.757738 -2.021347 
1 -2093.638281 2.499151 144.697855 866.663300 -2.021347 
1 -39.633893 1.768440 157.343800 411.563084 -2.021347 
1 -81.442240 1.698038 59.456498 875.146699 -2.021347 
1 -11495.416464 2.201577 23.534575 639.061015 -2.021347 
1 -27.847233 2.055618 160.521648 544.121428 -2.049272 
1 -51.211689 2.825234 177.766938 431.546000 -2.049272 
1 -71.928442 2.136287 58.832050 721.784972 -2.049272 
1 -528.677363 2.495701 138.430777 672.458994 -2.049272 
1 -11371.913511 1.805623 86.059872 554.454362 -2.049272 
1 -405.191946 2.109382 153.486157 686.261454 -2.049272 
1 -1682.713191 2.532988 144.857588 831.410524 -2.049272 
1 -11341.339996 1.724936 25.501229 682.153978 -2.049272 
1 -86.599052 1.701314 58.790924 874.479986 -2.049272 
1 -124.293857 2.676527 64.125309 867.847879 -2.049272 
1 -40.838103 1.554086 144.542795 493.313185 -2.064923 
1 -290.887313 2.274009 158.412212 658.271200 -2.064923 
1 -36.676254 1.755056 61.515660 831.274082 -2.064923 
1 -284.754316 1.938682 158.977461 665.134875 -2.064923 
1 -11532.740275 1.902875 109.078454 781.016929 -2.064923 
1 -369.184708 0.430233 16.930221 598.055728 -2.064923 
1 -1021.982480 2.563653 167.872555 782.879013 -2.064923 
1 -784.174387 2.729505 145.696625 722.387246 -2.064923 
1 -45.066495 2.206810 59.882340 860.781101 -2.064923 
1 -73.909781 2.470019 64.562568 847.000434 -2.064923 
1 -2.177848 1.474398 156.384284 502.314824 -2.121750 
1 -771.979380 2.215079 158.318267 755.131547 -2.121750 
1 -98.337956 2.502094 6.264759 463.478586 -2.121750 
1 -11373.431278 2.597596 108.563327 476.042754 -2.121750 
1 -28.248130 1.729538 61.961936 758.096312 -2.121750 
1 -2.550598 1.946235 158.769521 503.213092 -2.121750 
1 -1866.240045 2.726096 174.906234 854.537856 -2.121750 
1 -11428.578536 0.528580 55.307509 518.001667 -2.121750 
1 -21.273631 2.043984 76.751673 856.829258 -2.121750 
1 -22788.647806 1.433944 78.822768 139.704776 -2.121750 
1 -1182.996552 2.683040 159.742859 792.615090 -2.147174 
1 -8.173412 1.511851 71.417691 746.205579 -2.147174 
1 -19.812992 1.840902 161.654149 540.928300 -2.147174 
1 -11391.663346 2.566916 96.647982 504.658529 -2.147174 
1 -11356.395439 2.947779 160.433671 293.637260 -2.147174 
1 -90.140043 1.576370 50.383238 663.015459 -2.147174 
1 -1158.316273 2.366704 160.287468 802.579626 -2.147174 
1 -48.739866 1.126366 63.075000 575.470071 -2.147174 
1 -757.694105 2.325238 140.707800 723.973931 -2.147174 
1 -52.251484 1.346314 156.083890 576.158315 -2.147174 
1 -11483.408594 4.708964 143.530605 456.099071 -2.211395 
1 -11427.322591 2.603742 41.319217 555.275714 -2.211395 
1 -236.894412 0.135799 148.300971 577.988880 -2.211395 
1 -1197.113860 2.339815 162.077651 808.859956 -2.211395 
1 -11438.620708 3.013965 148.016074 190.618943 -2.211395 
1 -267.275764 2.488480 175.477930 630.485576 -2.211395 
1 -55.045968 0.908092 178.988958 526.746938 -2.211395 
1 -284.900663 2.418953 169.415644 651.866431 -2.211395 
1 -11921.079558 2.906626 125.507882 639.351055 -2.211395 
1 -11437.878486 2.493193 29.055651 575.068890 -2.211395 
1 -11519.041703 4.726540 143.720813 457.433648 -2.259990 
1 -131.576082 1.397280 143.893491 592.282728 -2.259990 
1 -11730.735183 4.141907 146.962186 301.161270 -2.259990 
1 -57.032583 1.870440 145.988670 533.334090 -2.259990 
1 -36.071851 1.230795 59.611944 686.273987 -2.259990 
1 -8.056042 1.888663 168.739797 497.650572 -2.259990 
1 -8.956642 0.864565 73.070679 620.708036 -2.259990 
1 -31.231183 1.607949 175.775439 464.919769 -2.259990 
1 -22790.066422 1.930060 179.905191 167.805227 -2.259990 
1 -1192.331147 2.824384 176.365254 779.225526 -2.259990 
1 -11493.961423 2.149241 21.545784 841.106182 -2.283616 
1 -43.949977 1.288942 172.418723 548.608424 -2.283616 
1 -46.174197 0.834489 166.530088 569.661811 -2.283616 
1 -1124.643837 1.865099 156.781737 808.500468 -2.283616 
1 -11374.894882 2.156119 117.257266 574.294546 -2.283616 
1 -152.531072 2.628631 163.383104 603.400199 -2.283616 
1 -54.374869 1.336287 69.844251 576.246417 -2.283616 
1 -19.897575 1.533628 170.455385 454.782240 -2.283616 
1 -23.578687 1.958946 149.589823 456.374440 -2.283616 
1 -1254.203860 2.813292 143.359700 776.137928 -2.283616 
1 -11375.685079 1.049381 27.463822 764.891414 -2.324372 
1 -27.911274 1.367211 166.919741 550.947078 -2.324372 
1 -29.228934 0.367931 61.106309 571.001574 -2.324372 
1 -39.686227 1.137598 76.711800 748.589788 -2.324372 
1 -36.781486 1.772195 168.804460 416.887657 -2.324372 
1 -25.351868 0.733104 63.313586 632.873559 -2.324372 
1 -11299.836467 1.909835 144.826764 428.901335 -2.324372 
1 -11407.480043 2.502230 18.304496 426.810807 -2.324372 
1 -154.607037 2.582728 2.802562 545.976667 -2.324372 
1 -513.016525 1.928040 166.293067 717.384715 -2.324372 
1 -94.517100 1.352618 50.141676 686.008711 -2.338392 
1 -228.329199 2.522992 0.598207 595.374202 -2.338392 
1 -11404.105776 0.359525 60.916888 566.903232 -2.338392 
1 -58.486123 1.228578 86.590207 712.497752 -2.338392 
1 -18.705511 1.721588 158.158547 437.618632 -2.338392 
1 -91.680182 1.040455 49.649462 639.719544 -2.338392 
1 -34.581006 1.368277 154.043348 557.508818 -2.338392 
1 -64.274880 1.603779 144.089701 537.783778 -2.338392 
1 -33.765475 1.404079 82.259475 698.013454 -2.338392 
1 -318.443915 1.507188 159.816835 679.777816 -2.338392 
1 -55.459100 0.969977 87.394796 628.743198 -2.353697 
1 -114.235185 2.964279 175.771772 524.745514 -2.353697 
1 -54.024750 0.988364 62.118811 561.303928 -2.353697 
1 -11333.229287 1.437760 110.216533 506.724760 -2.353697 
1 -23.938368 2.553605 150.976814 479.785417 -2.353697 
1 -45.015620 1.921310 63.445052 707.484366 -2.353697 
1 -58.732466 2.643401 149.326062 520.913954 -2.353697 
1 -36.471800 2.890091 169.433009 514.711126 -2.353697 
1 -227.285491 1.464161 91.315571 867.026483 -2.353697 
1 -17.201324 1.836543 150.875421 469.407620 -2.353697 
1 -9.814567 0.695079 70.522048 598.762065 -2.371152 
1 -12.589171 2.446289 153.638703 469.733026 -2.371152 
1 -11667.906871 1.930197 108.062886 854.109341 -2.371152 
1 -408.422955 2.058738 141.039936 664.258549 -2.371152 
1 -6.428213 1.776512 156.843478 513.811216 -2.371152 
1 -75.925476 2.275707 71.268859 724.874585 -2.371152 
1 -54.316018 1.600741 175.804839 536.553072 -2.371152 
1 -97.089810 2.486772 6.916385 446.292368 -2.371152 
1 -56.395833 2.184462 82.965122 841.531568 -2.371152 
1 -4.414221 2.258534 162.898551 445.435327 -2.371152 
1 -34.348493 0.795837 71.085545 566.466446 -2.377509 
1 -1236.743097 2.973416 175.102031 770.357347 -2.377509 
1 -40.220804 2.294338 76.708136 860.579583 -2.377509 
1 -1816.173182 2.742824 159.566062 850.384665 -2.377509 
1 -17.750079 1.786069 171.584724 457.064069 -2.377509 
1 -611.526916 2.664816 159.796204 714.786696 -2.377509 
1 -56.364069 0.699044 179.206215 531.483913 -2.377509 
1 -47.321027 2.376687 178.002668 481.703533 -2.377509 
1 -9.563113 0.915486 68.871871 651.469219 -2.377509 
1 -93.050370 2.984040 168.551859 548.860909 -2.377509 
1 -12.163011 1.409860 68.010570 743.026457 -2.381275 
1 -1060.976308 2.476239 165.042236 790.171724 -2.381275 
1 -29.226160 2.569770 163.973564 528.797624 -2.381275 
1 -266.310580 2.802323 168.335899 637.599603 -2.381275 
1 -43.245667 1.798096 161.761629 564.706430 -2.381275 
1 -39.958348 1.274018 74.133118 788.165493 -2.381275 
1 -377.288990 2.466470 172.327575 670.351830 -2.381275 
1 -28.905109 2.392801 174.468758 482.140760 -2.381275 
1 -10.363859 0.641284 74.951471 598.812481 -2.381275 
1 -43.127519 1.212894 178.050569 472.708488 -2.381275 
1 -17.932481 1.448384 68.788817 784.532596 -2.384431 
1 -1046.685340 2.531887 162.188294 785.314586 -2.384431 
1 -7.315198 1.870819 168.796406 469.686791 -2.384431 
1 -45.377950 1.073395 60.326422 587.864838 -2.384431 
1 -41.766792 2.464881 164.999990 378.331796 -2.384431 
1 -33.711357 0.333908 59.812314 578.711906 -2.384431 
1 -49.280634 2.220194 77.339781 792.408903 -2.384431 
1 -255.101375 2.216094 152.333436 641.752014 -2.384431 
1 -16.400153 0.821913 76.950655 607.808062 -2.384431 
1 -106.651722 1.489681 8.904855 473.647257 -2.384431 
1 -68.286382 1.862444 54.613257 722.851455 -2.408016 
1 -32.619580 1.853181 173.215647 431.676111 -2.408016 
1 -0.200839 1.796501 158.174007 484.135888 -2.408016 
1 -59.842785 1.229195 57.760523 588.560973 -2.408016 
1 -473.686735 1.994232 144.616011 689.393552 -2.408016 
1 -12.682992 0.347548 74.609746 589.529060 -2.408016 
1 -69.396722 1.927712 72.451232 636.639969 -2.408016 
1 -35.607483 1.935527 150.338923 529.113191 -2.408016 
1 -11427.608619 2.092579 36.425602 668.593765 -2.408016 
1 -64.027404 2.275027 2.119732 448.299545 -2.408016 
1 -90.853916 1.830085 50.909365 721.066062 -2.408954 
1 -38.518395 2.763769 148.033557 475.812228 -2.408954 
1 0.588551 1.800450 159.208808 481.692916 -2.408954 
1 -62.207409 1.601966 72.569401 594.806937 -2.408954 
1 -0.927530 2.163820 158.694545 477.919454 -2.408954 
1 -21.117231 0.424167 81.187071 595.061576 -2.408954 
1 -50.414771 1.788112 79.586902 672.563497 -2.408954 
1 -165.497478 1.155750 167.266804 627.406782 -2.408954 
1 -91.291148 1.955630 152.773526 582.774513 -2.408954 
1 -61.204674 0.700518 141.822792 539.984518 -2.408954 
1 -75.122992 1.654618 52.973440 724.234668 -2.411581 
1 -68.657628 2.207735 2.954499 453.746442 -2.411581 
1 -187.435094 1.166919 154.093541 638.585501 -2.411581 
1 -31.628437 0.975949 68.837849 580.866034 -2.411581 
1 -102.343629 2.660501 161.504170 307.901490 -2.411581 
1 -31.645749 0.529942 59.924551 581.652763 -2.411581 
1 -45.352024 1.991998 81.974386 792.266271 -2.411581 
1 -172.178984 1.146231 168.737322 627.545946 -2.411581 
1 -621.522117 2.833615 175.092695 701.848049 -2.411581 
1 -88.114177 1.273504 138.778086 533.783039 -2.411581 
1 -34.321395 2.255069 170.217590 530.233031 -2.414639 
1 -35.420771 2.038025 176.807541 455.371459 -2.414639 
1 -313.714518 1.181535 145.258305 664.304765 -2.414639 
1 -52.459289 0.597339 56.573628 611.677746 -2.414639 
1 -80.351204 2.447323 164.801685 339.020232 -2.414639 
1 -26.268771 1.864405 69.301951 730.588404 -2.414639 
1 -43.972827 1.877637 74.701760 686.703171 -2.414639 
1 -85.361521 1.553686 176.674992 560.435315 -2.414639 
1 -371.651764 2.718852 2.679830 625.280344 -2.414639 
1 -560.086096 1.941234 161.455263 727.422381 -2.414639 
1 -64.073318 2.283497 56.577422 865.709149 -2.418221 
1 -163.244445 2.803468 168.034327 255.671664 -2.418221 
1 -312.491305 1.174922 145.351377 664.135326 -2.418221 
1 -15.725514 0.623549 76.735807 629.307389 -2.418221 
1 -47.754777 1.909397 83.005760 794.057393 -2.418221 
1 -41.529091 1.663461 62.239485 833.998840 -2.418221 
1 -91.995950 1.632978 50.245979 685.476852 -2.418221 
1 -78.705386 2.398478 147.457169 542.480751 -2.418221 
1 -493.359083 2.612780 142.657759 670.206301 -2.418221 
1 -551.624449 2.618647 162.050538 708.253040 -2.418221 
1 -118.380217 2.654460 62.567082 866.772419 -2.422839 
1 -165.376933 2.821837 168.449181 253.649453 -2.422839 
1 -38.166147 1.126783 177.319987 482.910048 -2.422839 
1 -64.545276 0.722585 57.976478 551.206528 -2.422839 
1 -69.729374 1.595663 58.405947 817.804974 -2.422839 
1 -24.534481 1.642081 65.726195 828.160671 -2.422839 
1 -11.425250 1.436046 75.527300 727.459831 -2.422839 
1 -424.563070 1.076920 150.259241 696.151515 -2.422839 
1 -970.421330 2.861617 142.565589 739.254963 -2.422839 
1 -42.072669 1.656639 58.690138 719.880529 -2.422839 
1 -70.628259 1.581660 53.789802 658.346481 -2.428849 
1 -164.231975 2.828201 168.154805 252.445402 -2.428849 
1 -6.124833 1.303790 168.271631 506.098611 -2.428849 
1 -67.244306 0.725707 55.360475 559.258155 -2.428849 
1 -14.107974 1.780836 66.903251 824.459614 -2.428849 
1 -46.133023 1.154890 147.874406 551.259899 -2.428849 
1 -59.109541 1.640430 67.700638 605.446634 -2.428849 
1 -408.386032 1.068481 151.399954 693.498552 -2.428849 
1 -702.884861 2.783247 145.781121 707.532183 -2.428849 
1 -35.732507 1.786714 61.422384 726.477880 -2.428849 
1 -65.062018 0.737056 66.826864 537.036491 -2.440799 
1 -187.637050 2.955850 163.217571 247.280050 -2.440799 
1 -79.675191 1.919122 87.411776 783.127756 -2.440799 
1 -2056.621242 2.448913 167.964398 886.747289 -2.440799 
1 -58.402671 2.284751 60.387897 819.492709 -2.440799 
1 -70.635480 1.636204 3.506557 475.445134 -2.440799 
1 -1167.759446 1.880654 157.867140 813.867252 -2.440799 
1 -141.766276 1.971001 177.471238 584.695804 -2.440799 
1 -12.069437 1.105000 75.996332 691.665259 -2.440799 
1 -51.904585 2.103084 82.814694 840.142999 -2.440799 
1 -34.229746 2.480119 154.917490 395.149007 -2.451513 
1 -2403.933369 2.943383 175.999248 876.083360 -2.451513 
1 -69.728952 1.828462 164.700109 581.179262 -2.451513 
1 -97.747998 1.229064 156.540699 604.275965 -2.451513 
1 -50.284443 1.641655 81.417791 839.472726 -2.451513 
1 -70.157992 1.686614 3.521228 469.031723 -2.451513 
1 -80.270797 2.704862 3.601827 442.086159 -2.451513 
1 -36.587602 0.872612 165.346417 470.587438 -2.451513 
1 -31.747817 1.323765 65.771521 620.122941 -2.451513 
1 -404.785456 1.079914 151.212995 692.838396 -2.451513 
1 -21.645811 2.194162 156.266587 419.642958 -2.457113 
1 -228.487375 2.610715 149.408402 613.035392 -2.457113 
1 -11.665965 2.865888 161.356317 447.217981 -2.457113 
1 -84.551319 1.010987 4.689216 511.025409 -2.457113 
1 -44.151884 2.095168 59.414786 830.097453 -2.457113 
1 -36.883075 2.779412 169.092016 382.535227 -2.457113 
1 -83.530773 2.799365 3.237107 448.912303 -2.457113 
1 -52.347005 0.968038 166.761935 457.046048 -2.457113 
1 -70.317786 1.809985 60.042218 632.721411 -2.457113 
1 -119.835937 2.743397 3.278102 508.072132 -2.457113 
1 -29.242643 2.786393 154.460007 493.220554 -2.473380 
1 -58.843759 1.323669 54.803243 653.036622 -2.473380 
1 -29.190147 2.615608 148.693061 442.899904 -2.473380 
1 -47.733485 0.470344 170.589937 508.294040 -2.473380 
1 -49.162623 2.120798 58.439505 835.546501 -2.473380 
1 -806.908161 2.274567 153.845638 754.090145 -2.473380 
1 -85.503761 2.810973 3.491470 448.176355 -2.473380 
1 -10.655304 1.171335 163.015008 540.673958 -2.473380 
1 -70.027785 1.605721 170.330720 573.552712 -2.473380 
1 -20.594473 1.389778 165.157580 449.395555 -2.473380 
1 -185.921265 2.462957 161.218979 621.191487 -2.502190 
1 -34.192880 2.203691 172.555737 518.716695 -2.502190 
1 -297.710345 1.171430 156.427739 390.131598 -2.502190 
1 -53.616945 0.920472 0.070676 512.032488 -2.502190 
1 -18.511363 1.171144 78.369824 657.367273 -2.502190 
1 -44.344882 2.125877 149.091210 526.833162 -2.502190 
1 -65.444997 2.852648 179.965119 440.051879 -2.502190 
1 -100.516329 1.874525 176.269717 567.712523 -2.502190 
1 -133.657502 2.324945 157.059942 600.532406 -2.502190 
1 -35.130492 2.764068 173.429805 407.601762 -2.502190 
1 -47.093292 2.178293 157.899414 555.369274 -2.534903 
1 -33.677901 1.806483 169.461358 542.145554 -2.534903 
1 -286.126594 1.234770 156.378117 384.882242 -2.534903 
1 -44.954467 0.740302 57.027731 589.988757 -2.534903 
1 -81.483973 2.051735 60.833072 657.898290 -2.534903 
1 -48.067117 1.783220 80.391005 685.013019 -2.534903 
1 -1.457814 1.833289 160.481762 465.716943 -2.534903 
1 -51.340820 1.406292 164.578051 574.736887 -2.534903 
1 -64.168387 2.846272 164.531344 544.110172 -2.534903 
1 -20.438460 2.833309 170.410805 421.346708 -2.534903 
1 -181.996882 1.916716 158.778023 340.744814 -2.576021 
1 -130.083868 1.616184 156.094787 615.257315 -2.576021 
1 -237.615125 1.241419 157.072836 384.752689 -2.576021 
1 -13.126568 0.555933 66.341284 601.944641 -2.576021 
1 -55.220407 1.690606 56.152395 721.579684 -2.576021 
1 -28.163923 0.947038 78.401384 600.767914 -2.576021 
1 -10.895138 1.294417 67.790653 687.560198 -2.576021 
1 -7.219567 1.274566 168.974561 497.082176 -2.576021 
1 -66.916703 2.773974 161.955796 548.838147 -2.576021 
1 -16.493225 2.158310 160.437187 422.723208 -2.576021 
1 -41.430462 1.485410 158.969971 423.674327 -2.596679 
1 -53.839450 1.686146 160.916881 574.958890 -2.596679 
1 -31.984595 1.227795 158.780131 447.516797 -2.596679 
1 -72.023954 1.290244 67.932242 548.969804 -2.596679 
1 -25.681526 1.937751 63.139465 815.462975 -2.596679 
1 -12.862586 1.441593 73.022400 689.531441 -2.596679 
1 -24.575610 1.285789 73.306555 627.319232 -2.596679 
1 -15.162676 1.171995 169.627872 476.928741 -2.596679 
1 -78.879691 0.922573 167.445492 587.444544 -2.596679 
1 -14.486182 1.928860 73.560128 812.848702 -2.596679 
1 -44.371976 2.211911 164.194487 384.261917 -2.662894 
1 -521.723679 2.310261 173.988037 702.240334 -2.662894 
1 -105.173254 2.452011 164.149250 587.644327 -2.662894 
1 -44.610189 2.129663 155.458815 550.202680 -2.662894 
1 -30.384299 1.013988 72.400785 719.739175 -2.662894 
1 -33.773483 2.098944 79.564668 856.793113 -2.662894 
1 -71.313493 1.686789 53.662703 685.346465 -2.662894 
1 -28.745666 1.389161 173.808126 461.310652 -2.662894 
1 -176.729198 1.880038 170.705249 622.883893 -2.662894 
1 -58.131460 1.246462 57.309618 714.106375 -2.662894 
1 -133.125319 2.735728 162.789517 589.437034 -2.727631 
1 -464.105828 1.998849 164.120681 707.507629 -2.727631 
1 -107.091591 2.515064 169.166181 582.051887 -2.727631 
1 -25.611050 1.560907 147.989102 488.031812 -2.727631 
1 -66.378107 1.504770 60.942227 589.497186 -2.727631 
1 -8.032258 1.121731 69.902702 676.138211 -2.727631 
1 -38.180198 1.781041 63.864416 691.207994 -2.727631 
1 -12.225766 0.478019 72.285447 606.148925 -2.727631 
1 -53.295684 0.780424 144.134326 545.638038 -2.727631 
1 -312.801674 0.582398 141.717022 639.947068 -2.727631 
1 -32.680917 1.015543 159.877413 460.563471 -2.755708 
1 -52.493642 1.807102 56.947095 772.483222 -2.755708 
1 -46.820973 2.386817 146.824022 505.330506 -2.755708 
1 -94.588557 1.085890 146.551297 585.002584 -2.755708 
1 -43.386092 1.727613 63.725326 664.847788 -2.755708 
1 -8.088368 1.058992 69.856906 668.108152 -2.755708 
1 -18.820669 1.464951 64.783236 698.234592 -2.755708 
1 -185.729623 2.651452 147.550087 591.376612 -2.755708 
1 -42.437452 0.686552 165.454732 567.936200 -2.755708 
1 -46.703346 0.386273 148.826971 561.930591 -2.755708 
1 -169.241101 1.571428 157.572435 632.937237 -2.796186 
1 -32.504042 2.207579 62.698335 884.934844 -2.796186 
1 -8.878569 0.843292 153.227521 525.187456 -2.796186 
1 -41.533554 2.508216 162.367595 376.411374 -2.796186 
1 -91.865894 2.732856 146.764120 535.469520 -2.796186 
1 -11.070551 1.109998 162.169936 543.072694 -2.796186 
1 -95.815287 2.333266 72.524310 699.590590 -2.796186 
1 -117.164612 2.429309 166.223498 593.384549 -2.796186 
1 -52.733086 1.921961 171.298334 551.825707 -2.796186 
1 -16.625557 0.641327 75.860016 587.561549 -2.796186 
1 -21.180294 2.780639 155.200143 418.384705 -2.847866 
1 -69.761182 2.045850 54.813877 836.414164 -2.847866 
1 -82.479179 1.091933 143.857255 566.312175 -2.847866 
1 -18.202532 2.775064 156.193997 422.778819 -2.847866 
1 -71.938718 2.759584 177.186327 363.987736 -2.847866 
1 -18.980754 1.374925 77.096702 675.879651 -2.847866 
1 -67.838489 0.380903 157.200806 575.445531 -2.847866 
1 -427.402185 2.514761 138.575622 649.414175 -2.847866 
1 -31.634113 1.328976 73.131509 616.963900 -2.847866 
1 -7.491944 0.678021 71.705178 606.071706 -2.847866 
1 -4.655604 2.316341 158.709080 450.142773 -2.875569 
1 -72.938236 2.348570 70.192931 766.232532 -2.875569 
1 -14.876188 0.985736 157.413448 548.560988 -2.875569 
1 -28.550107 0.924019 62.055798 655.658031 -2.875569 
1 -74.745959 2.801372 2.178757 436.149728 -2.875569 
1 -108.035015 1.887149 49.120659 748.537677 -2.875569 
1 -51.324441 1.429760 79.342603 815.116001 -2.875569 
1 -81.137374 2.326321 168.494165 572.723493 -2.875569 
1 -34.241474 1.298956 75.418477 782.806323 -2.875569 
1 -44.953107 0.794512 85.118675 658.152926 -2.875569 
1 -80.254673 1.592881 167.777475 586.392014 -2.903828 
1 -72.589070 2.352671 69.632494 769.674409 -2.903828 
1 -12.449221 1.322530 169.349949 474.566970 -2.903828 
1 -12.950711 0.782085 70.850822 598.091959 -2.903828 
1 -107.819314 2.037654 70.970881 587.166912 -2.903828 
1 -37.681824 1.526408 82.693560 721.322798 -2.903828 
1 -24.361922 0.236310 80.976472 577.672357 -2.903828 
1 -43.319458 1.150542 83.009934 621.538875 -2.903828 
1 -105.903286 1.445585 90.071538 767.528354 -2.903828 
1 -17.703096 0.881916 77.266928 612.211769 -2.903828 
1 -27.053672 2.307293 173.288324 496.355436 -2.934572 
1 -57.478202 2.155794 75.959290 734.687179 -2.934572 
1 -67.159862 1.565309 162.900418 399.626142 -2.934572 
1 -22.670328 1.380755 71.304623 789.333512 -2.934572 
1 -84.663583 1.829440 72.319350 589.821030 -2.934572 
1 -35.263450 1.828781 60.395763 781.199231 -2.934572 
1 -14.369433 0.383135 77.996489 582.032351 -2.934572 
1 -13.564560 1.535790 75.505901 724.317555 -2.934572 
1 -77.220693 1.437991 88.299834 739.584673 -2.934572 
1 -52.781245 0.480464 170.695325 562.220687 -2.934572 
1 -35.174764 2.337661 176.521740 450.565621 -2.969180 
1 -1.292893 1.876743 165.731999 475.925314 -2.969180 
1 -57.549263 1.540072 164.696321 408.577681 -2.969180 
1 -11.127718 1.340730 73.982963 740.231235 -2.969180 
1 -54.989296 2.077379 0.736005 454.297235 -2.969180 
1 -121.492781 2.477531 157.128273 589.284191 -2.969180 
1 -54.402747 1.994829 82.731067 883.887620 -2.969180 
1 -55.573755 1.198751 146.134434 551.403846 -2.969180 
1 -84.141870 1.346921 52.954153 718.019265 -2.969180 
1 -23.248137 0.446135 166.588343 553.632918 -2.969180 
1 -25.017087 0.483515 148.520677 541.321743 -3.014074 
1 -52.698842 1.680210 179.868389 448.418495 -3.014074 
1 -16.554176 0.913697 64.506421 628.347821 -3.014074 
1 -52.274907 1.900822 83.660254 810.261289 -3.014074 
1 -79.140255 2.007355 4.912711 449.104163 -3.014074 
1 -15.906519 0.998660 171.190481 492.283939 -3.014074 
1 -5.809346 1.537989 155.323995 479.937344 -3.014074 
1 -72.669748 1.276862 171.458044 575.039111 -3.014074 
1 -75.251686 2.336411 55.492106 851.034573 -3.014074 
1 -21.473005 1.560227 154.553632 539.522350 -3.014074 
1 -120.163624 1.701273 154.665218 607.507521 -3.068129 
1 -39.294389 1.841547 145.069320 489.113840 -3.068129 
1 -23.415732 1.786366 69.614660 719.846605 -3.068129 
1 -12.213352 1.774462 74.538862 796.699369 -3.068129 
1 -13.689517 1.821422 169.085064 450.907995 -3.068129 
1 -40.791882 1.832901 156.098141 557.065138 -3.068129 
1 -85.656443 1.927622 66.226398 607.226526 -3.068129 
1 -54.119935 2.075765 163.689248 380.277749 -3.068129 
1 -59.052169 2.332048 60.222254 844.190018 -3.068129 
1 -26.491995 1.595078 154.981604 546.202556 -3.068129 
1 -74.111054 1.035301 159.002741 593.003783 -3.114913 
1 -14.080741 1.265871 152.816535 526.875327 -3.114913 
1 -37.554685 1.673743 82.005057 777.604596 -3.114913 
1 -89.967528 1.605351 5.845883 487.757120 -3.114913 
1 -56.536611 1.630829 157.062281 575.646624 -3.114913 
1 -7.941959 1.260580 165.593591 474.611493 -3.114913 
1 -60.426085 1.705598 68.611075 612.373758 -3.114913 
1 -45.989046 2.744271 156.576161 369.380172 -3.114913 
1 -17.705306 0.891333 170.550377 530.331354 -3.114913 
1 -33.508933 1.715661 157.280518 555.272807 -3.114913 
1 -3.933314 2.583883 163.973363 479.992740 -3.183034 
1 -57.584842 0.716389 145.539953 558.780675 -3.183034 
1 -36.536020 1.749193 81.674255 772.930677 -3.183034 
1 -12.819931 2.467745 153.817842 472.918812 -3.183034 
1 -71.848955 1.795648 167.778037 578.395244 -3.183034 
1 -56.838706 2.038550 1.082636 461.124242 -3.183034 
1 -49.201096 1.727949 62.171682 657.369806 -3.183034 
1 0.509996 2.143866 163.632280 473.781630 -3.183034 
1 -49.052915 1.339966 162.472477 426.570066 -3.183034 
1 -113.388498 2.080139 164.502927 600.823079 -3.183034 
1 -4.596366 2.510884 158.371708 462.249044 -3.229237 
1 -33.882033 0.341402 161.179145 520.213243 -3.229237 
1 -15.155057 1.789732 66.786034 780.570215 -3.229237 
1 -1.988694 2.337504 161.905116 453.580233 -3.229237 
1 -115.308050 2.315499 167.774223 593.367286 -3.229237 
1 -4.049854 1.902631 162.435042 513.168353 -3.229237 
1 -73.594753 2.333422 75.691273 760.864950 -3.229237 
1 -43.631048 2.882375 173.932511 487.386585 -3.229237 
1 -11.217273 2.547352 166.189246 427.503101 -3.229237 
1 -13.241591 1.677487 68.394816 744.995904 -3.229237 
1 -58.748143 1.146002 179.312987 524.266203 -3.293512 
1 -4.269698 0.775483 159.799113 503.451853 -3.293512 
1 -70.496117 2.140535 57.034084 748.236360 -3.293512 
1 -49.806658 2.547883 165.636793 548.547325 -3.293512 
1 -65.155359 1.202846 60.610276 563.601550 -3.293512 
1 -4.440460 1.810640 155.740461 497.399696 -3.293512 
1 -62.786106 2.301137 76.475636 779.942043 -3.293512 
1 -59.109771 2.866814 158.443636 528.822090 -3.293512 
1 -55.506502 2.144451 158.032040 563.231255 -3.293512 
1 -38.186602 2.012507 72.437604 735.174212 -3.293512 
1 -38.605161 2.419150 148.295252 500.532670 -3.344005 
1 -12.041371 0.826894 168.533545 497.238384 -3.344005 
1 -29.853640 1.065307 72.298609 729.913600 -3.344005 
1 -56.587529 1.086723 176.455205 542.958886 -3.344005 
1 -28.592950 1.878042 79.546495 815.876959 -3.344005 
1 -8.615282 2.639462 167.317590 439.539660 -3.344005 
1 -16.003328 1.608387 65.962732 735.624165 -3.344005 
1 -31.845177 1.744434 155.099908 548.582348 -3.344005 
1 -39.412568 1.742417 171.963809 538.911653 -3.344005 
1 -35.284214 1.096375 65.737580 721.554284 -3.344005 
1 -39.307509 2.384284 149.470712 511.135971 -3.409248 
1 -178.675187 1.613959 146.765368 618.680018 -3.409248 
1 -10.110670 1.541168 74.262102 748.052577 -3.409248 
1 -59.962911 1.191084 163.131264 583.481926 -3.409248 
1 -17.378319 1.208285 77.497055 717.881933 -3.409248 
1 -20.950283 2.794638 157.934929 489.699279 -3.409248 
1 -16.499209 1.991201 75.317717 846.184358 -3.409248 
1 -16.293934 2.205815 152.854934 497.429199 -3.409248 
1 -43.647734 1.541145 82.389879 787.032747 -3.409248 
1 -14.143407 1.163410 69.738968 715.461288 -3.409248 
1 -21.441837 2.784052 169.647866 496.373016 -3.450264 
1 -33.206668 1.250835 146.914000 521.150315 -3.450264 
1 -35.699303 0.738068 176.842918 508.775106 -3.450264 
1 -29.620958 2.222790 170.123412 525.512469 -3.450264 
1 -47.520778 0.310868 164.253024 564.686264 -3.450264 
1 -19.099305 2.655237 170.971996 486.228243 -3.450264 
1 -56.885568 1.393023 63.298393 585.997039 -3.450264 
1 -32.351845 1.944625 146.540355 480.485964 -3.450264 
1 -14.991837 1.920590 153.352308 452.013667 -3.450264 
1 -32.476812 2.075741 170.837887 414.351300 -3.450264 
1 -63.542009 0.741054 57.358587 555.033033 -3.511281 
1 -38.849179 1.627599 67.846049 644.650458 -3.511281 
1 -66.690657 2.679161 1.464984 442.667074 -3.511281 
1 -16.588477 0.952459 74.161381 609.883078 -3.511281 
1 -39.463206 1.475004 70.883053 617.981620 -3.511281 
1 -2.731573 2.327080 164.210653 491.149096 -3.511281 
1 -126.657295 2.303237 69.894941 620.118117 -3.511281 
1 -18.578263 2.171216 172.752062 462.742525 -3.511281 
1 -6.828995 0.756520 72.261758 622.802856 -3.511281 
1 1.049923 1.991947 161.478532 489.890170 -3.511281 
1 -19.646195 0.786960 71.582593 585.933614 -3.610318 
1 -14.310409 0.737846 67.046891 632.679087 -3.610318 
1 -59.991840 1.934782 163.159139 573.901038 -3.610318 
1 -108.475539 1.503891 52.324973 773.457186 -3.610318 
1 -15.380679 1.142157 66.940387 697.642181 -3.610318 
1 -65.575943 1.501886 179.713575 522.898042 -3.610318 
1 -19.346695 2.007249 70.774702 803.231019 -3.610318 
1 -40.348600 1.062868 165.762029 453.893624 -3.610318 
1 -47.469973 2.091481 61.711039 766.235638 -3.610318 
1 -44.645705 2.225277 160.124867 383.511159 -3.610318 
1 -36.289143 1.660934 164.446318 418.296661 -3.692393 
1 -13.577691 1.064894 70.430106 625.843311 -3.692393 
1 -35.488089 0.346622 161.052190 519.295936 -3.692393 
1 -11.511149 0.929034 68.355822 621.054539 -3.692393 
1 -12.495192 1.323472 71.504960 747.349168 -3.692393 
1 -22.265273 2.438954 151.398832 487.600290 -3.692393 
1 -17.247693 1.218487 64.801379 689.794470 -3.692393 
1 -35.987425 0.740513 83.282308 598.762532 -3.692393 
1 -21.483306 1.754275 151.042269 515.834602 -3.692393 
1 -87.387288 2.774332 173.004689 328.152873 -3.692393 
1 -26.008107 1.677481 72.701531 878.202596 -3.772099 
1 -14.542690 1.131138 66.480692 644.537899 -3.772099 
1 -0.283347 0.426880 162.359026 537.848485 -3.772099 
1 -89.002775 1.815389 153.342161 586.370326 -3.772099 
1 -45.523820 1.257237 84.332516 720.870422 -3.772099 
1 -1.656638 2.222582 163.806117 457.360793 -3.772099 
1 -19.875047 0.790526 63.163817 619.811594 -3.772099 
1 -20.200277 0.811980 78.648129 606.859339 -3.772099 
1 -6.459868 1.811799 165.497419 455.984230 -3.772099 
1 -13.721742 1.982720 70.754245 828.051209 -3.772099 
1 -91.438141 1.493073 85.659061 821.483559 -3.840221 
1 -8.431987 1.237842 73.454806 683.099055 -3.840221 
1 -1.954309 0.410055 164.783227 531.747804 -3.840221 
1 -22.536698 1.639345 172.298215 454.632886 -3.840221 
1 -37.885396 1.474925 82.751102 700.926697 -3.840221 
1 -5.746128 1.633609 168.127507 499.248901 -3.840221 
1 -10.133582 1.317014 160.001927 538.862403 -3.840221 
1 -24.458862 0.648269 81.850705 624.987116 -3.840221 
1 1.375331 1.161596 160.997733 501.308406 -3.840221 
1 -41.574566 1.383034 61.544917 623.811802 -3.840221 
1 -13.512283 1.907389 70.242958 802.902651 -3.924885 
1 -17.203470 1.332948 65.713973 725.994324 -3.924885 
1 0.428690 0.389417 161.832412 534.889926 -3.924885 
1 -33.890683 2.847072 171.857586 498.567726 -3.924885 
1 -19.554482 1.924114 67.544863 783.827250 -3.924885 
1 -89.485143 2.663993 151.870555 552.292551 -3.924885 
1 -15.836118 1.285806 158.167889 545.924137 -3.924885 
1 -51.899671 0.965962 55.719667 608.226599 -3.924885 
1 -12.977543 0.364451 152.760805 546.827012 -3.924885 
1 -43.961874 2.058978 81.733885 840.086986 -3.924885 
1 -25.566764 1.816923 73.887461 724.569070 -3.988702 
1 -18.488548 1.026270 72.926559 704.696219 -3.988702 
1 -4.209251 0.588845 166.834574 525.825151 -3.988702 
1 -29.692242 2.462020 174.527441 480.330320 -3.988702 
1 -19.377819 1.302728 74.059007 761.121333 -3.988702 
1 -64.763095 2.499443 149.114616 532.915458 -3.988702 
1 -8.092003 1.477164 157.489311 528.499230 -3.988702 
1 -22.313972 1.352360 63.219461 679.044935 -3.988702 
1 -5.910684 0.582259 156.022704 518.248287 -3.988702 
1 -25.010579 1.706792 66.077270 853.350463 -3.988702 
1 -7.153539 0.839295 70.921344 628.127955 -4.058040 
1 -33.322653 2.129261 155.475230 539.223385 -4.058040 
1 -23.463473 0.561083 158.436513 559.675776 -4.058040 
1 -0.492689 1.099906 164.903523 510.493453 -4.058040 
1 -63.482166 1.473451 55.991284 626.145117 -4.058040 
1 -5.971849 2.512951 166.992803 449.133362 -4.058040 
1 -5.321864 1.663054 167.102981 506.823345 -4.058040 
1 -47.909354 1.611438 57.737823 690.663364 -4.058040 
1 -4.100401 0.735672 156.841606 534.856398 -4.058040 
1 -33.171291 2.067442 61.815051 835.044922 -4.058040 
1 -16.793037 0.968736 64.413764 640.381807 -4.157068 
1 -17.051909 1.567283 69.001983 813.322486 -4.157068 
1 -20.253499 2.470954 172.895472 464.987017 -4.157068 
1 -32.833639 1.428922 79.592283 657.583954 -4.157068 
1 -51.886741 1.155642 56.493961 615.357553 -4.157068 
1 -13.495629 1.819261 68.807663 780.617150 -4.157068 
1 -44.104700 2.110588 144.860314 492.666154 -4.157068 
1 -21.819103 2.708882 166.613013 403.591149 -4.157068 
1 -54.642336 2.347127 147.056406 519.336582 -4.157068 
1 -67.906424 1.902889 54.860783 729.063830 -4.157068 
1 -71.138569 1.438637 64.784012 565.038710 -4.227366 
1 -12.315375 1.687407 75.060443 795.073597 -4.227366 
1 -28.295589 2.885248 155.084230 404.353544 -4.227366 
1 -12.643799 1.351419 71.087681 670.912818 -4.227366 
1 -13.527366 1.820442 73.769606 784.925513 -4.227366 
1 -21.279770 1.925727 66.089261 786.800411 -4.227366 
1 -34.750398 2.453766 146.593107 463.836540 -4.227366 
1 -7.804780 2.710107 159.111183 451.516169 -4.227366 
1 -16.296958 2.882028 167.096279 485.508502 -4.227366 
1 -25.127152 2.418773 157.594830 523.234609 -4.227366 
1 -19.536709 0.583829 73.442805 630.364181 -4.298834 
1 -26.915982 1.880410 78.173445 774.613193 -4.298834 
1 -46.979247 2.207850 61.953211 814.039122 -4.298834 
1 -7.481979 1.165022 72.441457 675.393787 -4.298834 
1 -18.582263 1.569641 77.994411 760.202845 -4.298834 
1 -16.876401 1.731574 68.215325 853.272918 -4.298834 
1 -13.438527 0.809780 151.612653 513.691129 -4.298834 
1 -10.344826 2.554661 158.823492 493.197767 -4.298834 
1 -37.259842 2.667252 174.353317 491.022757 -4.298834 
1 -37.892258 2.219618 164.273186 549.005537 -4.298834 
1 -13.303707 0.486912 75.147343 608.839260 -4.366647 
1 -13.060858 1.779040 67.487943 789.319894 -4.366647 
1 -42.023629 2.239616 66.833461 815.669645 -4.366647 
1 -26.344443 1.099477 66.214645 711.525183 -4.366647 
1 -11.538455 1.534623 68.191038 766.291709 -4.366647 
1 -28.750991 1.681026 70.310184 678.253380 -4.366647 
1 1.472215 1.282197 159.991870 500.379950 -4.366647 
1 -36.005196 1.651471 161.656243 418.431904 -4.366647 
1 -29.694357 2.667940 170.605069 509.976189 -4.366647 
1 -12.548666 2.185779 159.966454 429.421241 -4.366647 
1 -16.287822 1.738561 73.651861 859.668304 -4.432931 
1 -7.256186 2.514763 164.676801 435.541173 -4.432931 
1 -8.843169 1.535943 70.543609 737.810390 -4.432931 
1 -41.810067 1.620259 58.978280 699.548631 -4.432931 
1 -12.626373 1.780933 70.403181 768.662486 -4.432931 
1 -22.586509 2.723784 152.691859 474.430006 -4.432931 
1 -39.588467 1.329345 173.513227 447.991273 -4.432931 
1 -4.618871 1.682657 156.877385 470.431313 -4.432931 
1 -43.176480 2.669319 169.903365 529.852369 -4.432931 
1 -8.556138 1.542312 166.746290 464.163910 -4.432931 
1 -20.514871 1.515897 75.331331 806.033128 -4.470125 
1 -7.475400 2.771985 162.295599 467.176596 -4.470125 
1 -0.324747 2.210729 162.950250 487.795590 -4.470125 
1 -18.019750 1.480164 66.059803 765.493291 -4.470125 
1 -13.321646 2.008954 73.955336 865.020325 -4.470125 
1 -13.576379 1.270727 169.564723 475.267549 -4.470125 
1 -11.105594 1.240059 158.910003 469.567545 -4.470125 
1 -6.702830 1.837521 154.326027 481.682381 -4.470125 
1 -28.578672 1.983662 74.015128 762.226015 -4.470125 
1 -7.652913 1.502252 167.860660 472.697967 -4.470125 
1 -28.311077 0.896932 71.723450 693.199196 -4.523465 
1 -17.058438 2.606970 170.701901 485.258090 -4.523465 
1 -1.085400 2.305810 164.578796 481.373831 -4.523465 
1 -13.443609 1.207836 76.234994 712.377866 -4.523465 
1 -23.331229 2.125443 73.669265 837.254989 -4.523465 
1 -5.388384 0.861363 165.958117 529.564586 -4.523465 
1 -24.904559 0.126582 149.096295 553.971987 -4.523465 
1 -3.646320 1.175401 155.738349 515.695972 -4.523465 
1 -28.461182 2.038137 65.822125 791.344004 -4.523465 
1 -3.693818 1.037658 164.701279 492.437651 -4.523465 
1 -28.687856 0.903503 81.444190 671.200706 -4.586690 
1 -22.679887 2.650364 159.309498 510.496875 -4.586690 
1 -2.504035 2.304446 161.551069 451.690825 -4.586690 
1 -9.615515 1.687558 70.895817 810.719616 -4.586690 
1 -32.432253 2.197187 72.086598 824.227378 -4.586690 
1 -18.157661 1.642783 158.600439 541.963437 -4.586690 
1 -2.613385 0.779429 157.965579 533.083337 -4.586690 
1 -31.105652 1.405827 147.935358 522.253260 -4.586690 
1 -19.633254 1.101620 76.847418 629.711804 -4.586690 
1 -8.843137 2.039400 160.657779 440.281833 -4.586690 
1 0.810244 2.092408 163.025984 484.539829 -4.627102 
1 -2.567156 1.949125 163.938949 505.298929 -4.627102 
1 -1.814280 2.320812 159.913308 459.283370 -4.627102 
1 -18.322766 1.537685 67.799672 800.781746 -4.627102 
1 -8.119190 1.448449 71.280664 725.923432 -4.627102 
1 -9.428678 1.334598 160.440528 466.134820 -4.627102 
1 -36.214235 2.592611 176.177508 457.712196 -4.627102 
1 -2.072568 1.237013 159.657222 486.089817 -4.627102 
1 -23.552247 0.843176 81.226246 625.936515 -4.627102 
1 -11.260730 1.906826 164.982991 523.664647 -4.627102 
1 0.906949 2.052988 162.816275 486.687073 -4.658910 
1 -22.884426 1.883309 69.361002 748.596589 -4.658910 
1 0.698481 0.420903 161.003380 534.639976 -4.658910 
1 -10.106678 1.750588 72.782662 788.840156 -4.658910 
1 -9.615701 1.424488 69.142427 711.833484 -4.658910 
1 -17.830314 1.273857 172.052892 480.707848 -4.658910 
1 -4.651149 1.738873 156.736402 469.357637 -4.658910 
1 -19.465840 0.664129 166.376088 497.539483 -4.658910 
1 -9.798244 0.801914 72.273383 609.265744 -4.658910 
1 -2.156164 2.263618 162.052931 453.132283 -4.658910 
1 0.676281 1.941610 160.921578 494.483001 -4.695780 
1 -19.713341 1.834010 68.236839 751.478017 -4.695780 
1 -3.313044 1.786561 157.739537 468.127110 -4.695780 
1 -30.524737 1.394226 69.532313 804.299504 -4.695780 
1 -8.117279 1.221867 72.154554 676.307276 -4.695780 
1 -3.566854 1.740707 167.213545 478.719047 -4.695780 
1 -11.263804 0.643269 164.162024 546.380206 -4.695780 
1 -10.355621 1.089744 152.438006 509.938414 -4.695780 
1 -12.801317 1.106941 67.772603 640.845356 -4.695780 
1 -6.763118 2.370875 166.186366 442.850938 -4.695780 
1 -9.879760 2.062562 156.135621 508.546220 -4.772847 
1 -51.289512 1.676063 57.770516 780.456404 -4.772847 
1 -11.272421 2.688883 159.189096 429.698479 -4.772847 
1 -30.447858 0.226359 79.128791 561.610030 -4.772847 
1 -23.173875 1.711421 63.337500 782.484039 -4.772847 
1 -9.970635 2.521822 161.386737 427.367297 -4.772847 
1 -10.783680 0.407311 169.552917 531.629082 -4.772847 
1 -0.032018 1.295996 159.703940 490.552298 -4.772847 
1 -42.580457 1.508634 78.636466 636.555927 -4.772847 
1 -28.014592 2.031950 148.269113 493.014392 -4.772847 
1 -2.122062 1.133769 165.421481 495.341810 -4.810999 
1 -20.943418 1.674593 77.239762 733.957608 -4.810999 
1 0.854507 1.235237 163.592922 507.910027 -4.810999 
1 -17.657712 0.216774 77.935666 571.955401 -4.810999 
1 -28.280731 2.030259 77.228365 804.958343 -4.810999 
1 -12.090515 1.920750 170.831439 470.525112 -4.810999 
1 -13.197544 0.837158 157.504833 548.537338 -4.810999 
1 1.503295 1.697730 160.412977 485.840087 -4.810999 
1 -26.537000 0.948631 67.484902 588.248236 -4.810999 
1 -0.132708 1.550418 164.408630 484.016256 -4.810999 
1 -39.991531 2.271494 177.432054 471.578883 -4.870002 
1 -8.334488 1.450721 70.405093 727.855460 -4.870002 
1 -15.720318 1.393637 166.901715 535.610268 -4.870002 
1 -11.343345 0.311391 69.957665 580.368382 -4.870002 
1 -27.216737 2.218494 76.479726 887.601373 -4.870002 
1 -19.315820 1.883406 171.173532 446.574899 -4.870002 
1 -0.106700 1.694950 165.145454 488.927251 -4.870002 
1 -4.154291 1.716092 159.278323 517.150761 -4.870002 
1 -27.637988 0.892966 64.519124 588.774585 -4.870002 
1 -16.819006 1.784409 65.881062 827.154151 -4.870002 
1 -6.698159 2.497234 157.821887 480.752928 -4.920526 
1 -12.053372 1.330993 67.222657 690.541055 -4.920526 
1 -27.090913 2.261847 172.949717 428.912750 -4.920526 
1 -10.748404 0.305332 73.273173 573.216870 -4.920526 
1 -20.797952 1.605759 78.560438 764.243369 -4.920526 
1 -11.037689 2.245731 168.691261 498.537219 -4.920526 
1 -10.052487 2.605975 160.780886 494.263976 -4.920526 
1 -23.120869 2.504122 172.255243 490.224462 -4.920526 
1 -11.778708 1.449280 67.842087 708.550680 -4.920526 
1 -18.083827 1.995794 72.510776 808.140487 -4.920526 
1 -1.773124 2.472452 161.418462 475.201129 -4.978388 
1 -19.763973 1.708956 66.303598 729.795368 -4.978388 
1 -17.998010 2.248186 170.525340 435.484821 -4.978388 
1 -18.937755 0.410148 71.402021 566.966238 -4.978388 
1 -14.092191 1.436934 71.809269 778.801911 -4.978388 
1 -0.735793 2.197347 162.555054 491.294155 -4.978388 
1 -15.899105 1.533483 74.148116 801.899903 -4.978388 
1 -7.709741 1.961385 154.818180 497.450411 -4.978388 
1 -10.587516 1.638277 70.731232 744.332310 -4.978388 
1 -12.025011 1.605594 67.443311 761.004377 -4.978388 
1 -16.691174 2.104443 172.254444 465.196427 -5.062374 
1 -12.535227 1.478936 70.377205 779.262013 -5.062374 
1 -3.005837 2.371704 159.554550 454.637447 -5.062374 
1 -27.857927 0.710446 65.808334 643.880964 -5.062374 
1 -12.500622 1.559691 68.862690 718.141722 -5.062374 
1 -1.726204 1.790116 161.006721 510.315842 -5.062374 
1 -15.887939 1.523912 73.618398 802.350004 -5.062374 
1 -25.762099 2.981840 156.798658 450.689959 -5.062374 
1 -25.278766 1.970508 74.818195 775.304308 -5.062374 
1 -12.559403 1.580303 67.192931 763.000971 -5.062374 
1 -17.326478 1.756775 159.806321 436.266736 -5.138426 
1 -17.750512 1.603186 76.952017 732.140313 -5.138426 
1 -12.374863 1.595440 68.062367 786.098347 -5.138426 
1 -22.304475 0.932745 67.415745 594.831368 -5.138426 
1 -9.440621 0.516574 75.699762 596.450153 -5.138426 
1 -1.350040 1.928317 162.329342 504.607442 -5.138426 
1 -17.491302 1.563991 76.490692 792.487633 -5.138426 
1 -24.126329 2.948548 156.249500 458.897154 -5.138426 
1 -19.540868 1.739883 69.623193 877.273829 -5.138426 
1 -10.954406 1.591633 74.268766 747.412608 -5.138426 
1 -2.204439 1.458504 159.321893 477.569766 -5.205665 
1 -17.284556 0.369248 167.625890 548.800528 -5.205665 
1 -11.114536 1.535051 70.793414 786.287702 -5.205665 
1 -13.252351 0.947620 67.408212 661.906301 -5.205665 
1 -16.193429 0.764562 78.689167 640.814670 -5.205665 
1 1.498066 1.929919 162.502991 485.922545 -5.205665 
1 -25.090449 1.505630 68.285032 658.054738 -5.205665 
1 -7.465360 1.432972 164.463692 528.217032 -5.205665 
1 -15.890646 1.711700 73.161105 853.441225 -5.205665 
1 -14.905393 1.891510 66.500815 834.099161 -5.205665 
1 -1.128160 2.044551 163.971174 463.239694 -5.291628 
1 -3.541217 0.276743 165.501093 539.754350 -5.291628 
1 -15.049087 1.280580 67.850831 656.239100 -5.291628 
1 -24.251620 0.743767 73.262904 661.428730 -5.291628 
1 -17.322697 0.744188 78.697076 641.836624 -5.291628 
1 -23.669864 2.029315 70.244489 791.524824 -5.291628 
1 -16.276292 1.326788 77.396748 685.503517 -5.291628 
1 -9.252705 2.507584 169.004251 451.113243 -5.291628 
1 -9.152410 1.775510 70.931002 808.221237 -5.291628 
1 -18.741540 2.030318 76.393229 886.057424 -5.291628 
1 -1.750250 2.048215 164.009126 460.478497 -5.395624 
1 -11.197765 0.212695 161.135688 553.371552 -5.395624 
1 -13.612107 1.355942 67.780767 676.471063 -5.395624 
1 -9.539096 1.892985 71.230260 854.169136 -5.395624 
1 -14.755699 0.750041 77.704880 641.087579 -5.395624 
1 -17.854548 1.837082 72.426994 757.152475 -5.395624 
1 -11.474669 1.239291 67.223804 688.925081 -5.395624 
1 -17.140154 2.042113 155.342005 434.860740 -5.395624 
1 -11.132089 1.919398 72.690869 835.949612 -5.395624 
1 -16.817065 2.054823 75.327765 874.063775 -5.395624 
1 -4.737092 1.452557 164.346027 522.346682 -5.536228 
1 0.301170 0.549107 161.480769 524.632952 -5.536228 
1 -12.373499 1.307976 71.878311 665.242305 -5.536228 
1 -10.411331 1.994704 69.879163 878.449965 -5.536228 
1 -48.517636 1.413883 153.450308 567.626315 -5.536228 
1 -12.396927 1.374109 70.797897 756.333225 -5.536228 
1 -9.775936 1.116800 75.481166 674.772647 -5.536228 
1 -9.988167 0.315295 155.331677 531.921469 -5.536228 
1 -10.704769 1.893012 70.764006 822.741580 -5.536228 
1 -11.387939 1.737679 74.288966 791.722611 -5.536228 
1 -3.661349 1.492436 165.650732 475.796563 -5.669802 
1 -26.179269 2.062199 165.545902 539.395889 -5.669802 
1 -12.854895 1.609883 66.999897 761.988735 -5.669802 
1 -14.471228 2.023611 66.897156 892.802087 -5.669802 
1 -3.995139 2.662083 165.241528 460.419814 -5.669802 
1 -9.703191 1.605147 73.266723 754.254807 -5.669802 
1 -13.653815 1.439084 75.020881 696.253497 -5.669802 
1 -8.697828 0.914208 68.770030 639.583904 -5.669802 
1 -13.711207 1.945385 72.058267 815.878179 -5.669802 
1 -12.317727 1.868363 74.400143 837.022577 -5.669802 
1 -7.352476 1.754077 168.058760 504.681184 -5.802900 
1 -23.076856 2.352080 168.965365 518.143251 -5.802900 
1 -5.679941 1.627013 166.978730 469.933462 -5.802900 
1 -15.222398 1.668599 67.346285 815.075869 -5.802900 
1 -7.608293 2.755646 162.991486 439.201928 -5.802900 
1 -0.640250 1.580929 159.968360 477.278159 -5.802900 
1 -13.025127 2.459183 168.095036 500.454245 -5.802900 
1 -8.725011 0.720000 68.798759 618.658383 -5.802900 
1 -19.020514 1.667793 74.170704 847.442717 -5.802900 
1 -10.048901 1.850223 69.575175 842.848393 -5.802900 
1 -20.267672 1.922342 161.838011 539.453990 -5.964118 
1 -16.037879 2.619950 153.511890 445.064680 -5.964118 
1 -17.754090 0.897249 64.008470 626.445278 -5.964118 
1 -13.434357 1.826579 69.218558 873.489670 -5.964118 
1 -11.601878 2.577243 160.195846 498.613799 -5.964118 
1 1.387977 1.776917 162.016841 496.232958 -5.964118 
1 -4.544306 1.569249 157.111687 516.263284 -5.964118 
1 -18.528969 0.359076 65.360224 570.711825 -5.964118 
1 -11.221369 1.447100 74.171123 759.407872 -5.964118 
1 -17.172828 1.556204 68.605131 808.010807 -5.964118 
1 -8.854536 2.058577 165.065383 515.057100 -6.035928 
1 -1.104949 2.370493 160.183558 469.138997 -6.035928 
1 -10.156797 1.318510 157.697142 469.251100 -6.035928 
1 -10.444902 1.873078 70.359607 869.325757 -6.035928 
1 -5.552354 2.682733 165.370574 475.283899 -6.035928 
1 -0.787228 1.339122 164.205765 513.059323 -6.035928 
1 0.702642 1.471336 158.933779 492.222437 -6.035928 
1 1.193287 1.897218 160.063076 486.597024 -6.035928 
1 -13.348360 1.463876 69.897595 777.337546 -6.035928 
1 -11.266365 0.796230 67.248027 614.001174 -6.035928 
1 -0.081516 2.117385 162.894102 465.275276 -6.082359 
1 -5.991499 1.177792 160.623080 479.167095 -6.082359 
1 1.759560 1.598549 162.585946 491.790865 -6.082359 
1 -13.850773 2.088843 69.404840 875.944369 -6.082359 
1 -1.339295 1.514215 162.990364 514.967134 -6.082359 
1 -0.800899 0.978647 158.826274 524.910636 -6.082359 
1 1.616294 1.686180 162.899425 488.761927 -6.082359 
1 -1.788706 1.642782 156.985097 484.534771 -6.082359 
1 -9.047081 1.550054 73.239698 751.713861 -6.082359 
1 -11.836153 0.535454 66.714231 594.541810 -6.082359 
1 1.437147 0.978430 160.712245 511.378735 -6.136075 
1 1.652883 1.820583 160.941069 489.896261 -6.136075 
1 -6.960302 1.665095 159.998787 457.273325 -6.136075 
1 -13.021772 2.090350 70.034685 881.497706 -6.136075 
1 -1.063522 0.874269 157.312121 514.694206 -6.136075 
1 -3.254557 2.332545 157.918731 475.914418 -6.136075 
1 -3.214263 1.972833 160.986748 508.818491 -6.136075 
1 0.513444 1.371439 161.660586 513.296753 -6.136075 
1 -9.066189 1.569752 72.924153 750.521331 -6.136075 
1 -16.999616 0.695314 64.568669 617.111795 -6.136075 
1 0.147571 0.753144 161.185859 528.860643 -6.187216 
1 -1.960276 1.812448 162.625225 463.879183 -6.187216 
1 -3.873743 2.419862 159.010465 453.630633 -6.187216 
1 -9.896925 1.933257 71.876033 862.979270 -6.187216 
1 -3.631427 0.982412 156.896867 528.010158 -6.187216 
1 -3.709338 1.345645 155.374865 503.765531 -6.187216 
1 -2.694554 2.586024 162.643323 470.207274 -6.187216 
1 -0.130658 1.136970 162.511231 519.978086 -6.187216 
1 -14.781487 1.244397 72.281972 739.119948 -6.187216 
1 -4.610998 1.588958 166.760208 508.282259 -6.187216 
1 -3.114265 0.431860 156.681640 530.030158 -6.268255 
1 -10.600267 2.496957 154.763574 466.371650 -6.268255 
1 -0.400296 1.231408 164.654918 496.216435 -6.268255 
1 -9.639773 1.909938 71.455938 856.861583 -6.268255 
1 -5.267495 0.158868 156.933529 551.222332 -6.268255 
1 -3.771767 0.557222 163.612174 539.224886 -6.268255 
1 -10.607016 2.462794 165.853121 503.566315 -6.268255 
1 -0.748105 1.184693 162.224279 521.638616 -6.268255 
1 -9.185886 1.441411 71.470854 709.226689 -6.268255 
1 -9.464698 0.481698 153.828993 541.964242 -6.268255 
1 -3.025958 2.197349 166.357250 486.503066 -6.349798 
1 -3.829843 2.221387 156.828546 477.116577 -6.349798 
1 -0.588823 1.048629 158.058551 504.246838 -6.349798 
1 -12.570904 1.739418 69.175572 839.955558 -6.349798 
1 1.193454 1.468960 163.356489 501.682853 -6.349798 
1 -0.748686 1.991682 158.415322 489.138880 -6.349798 
1 -13.173776 2.706850 168.544840 487.440635 -6.349798 
1 -19.449944 0.779336 172.640247 518.999721 -6.349798 
1 -8.394907 1.264350 73.618369 705.994476 -6.349798 
1 -3.352426 2.084207 156.552874 478.765990 -6.349798 
1 -3.437183 2.536779 159.788603 460.958397 -6.387031 
1 -0.787703 2.249204 164.995316 477.009917 -6.387031 
1 0.815751 1.027174 159.002630 513.043055 -6.387031 
1 -10.054008 1.784667 70.711060 840.506321 -6.387031 
1 0.350523 1.586604 162.522890 507.566330 -6.387031 
1 0.681895 1.307823 163.160240 493.030124 -6.387031 
1 -0.809144 2.021374 158.424179 487.736314 -6.387031 
1 -11.528984 1.235435 153.505039 484.986959 -6.387031 
1 -7.972088 1.317223 70.589125 700.316935 -6.387031 
1 -0.340650 0.702086 162.920903 515.484585 -6.387031 
1 -4.404635 2.641518 160.892271 455.929572 -6.442826 
1 -0.897245 1.281696 164.886835 510.929634 -6.442826 
1 1.510039 1.025352 160.544004 511.216983 -6.442826 
1 -13.486749 1.703564 69.656917 839.227229 -6.442826 
1 -2.665681 1.190696 166.634623 501.752597 -6.442826 
1 -5.279030 0.308728 161.258817 532.489666 -6.442826 
1 -0.181114 1.329100 164.101826 490.523554 -6.442826 
1 -0.402503 2.177661 159.356325 473.757042 -6.442826 
1 -10.318114 1.399403 68.586119 704.080919 -6.442826 
1 -7.124730 1.515956 153.942563 502.530713 -6.442826 
1 -1.280964 2.473898 161.788942 468.584229 -6.491907 
1 -2.911915 0.351894 163.364231 543.517904 -6.491907 
1 -0.529329 1.803006 158.255675 479.191680 -6.491907 
1 -12.228992 1.746441 74.368652 825.355238 -6.491907 
1 -6.667349 1.471135 165.332054 523.348779 -6.491907 
1 -1.797853 0.960559 164.076886 525.072335 -6.491907 
1 1.613513 1.458417 160.303392 502.484888 -6.491907 
1 -1.290027 0.986444 157.984094 503.902154 -6.491907 
1 -8.252901 1.535789 71.335038 751.080020 -6.491907 
1 -2.443680 0.558283 164.905202 533.195319 -6.491907 
1 -7.325346 2.411452 164.734825 436.606084 -6.549112 
1 -3.335924 1.155239 166.630827 512.238745 -6.549112 
1 -0.419133 1.883247 159.529505 471.212928 -6.549112 
1 -7.882082 1.242367 162.723445 472.544819 -6.549112 
1 -6.581309 1.479808 163.933731 526.756430 -6.549112 
1 -3.810938 0.660648 162.485174 538.819257 -6.549112 
1 0.875719 1.379023 160.179623 510.571309 -6.549112 
1 -1.182016 1.717815 159.332829 472.452450 -6.549112 
1 -9.843685 1.690783 69.677035 773.093516 -6.549112 
1 0.380968 0.368289 161.723019 535.818681 -6.549112 
1 -0.577418 1.728676 160.385850 507.644759 -6.606422 
1 -5.485946 1.951196 155.092815 485.711926 -6.606422 
1 -3.234569 2.057260 164.408257 455.625114 -6.606422 
1 -9.872547 1.539199 159.077391 533.010274 -6.606422 
1 -3.235127 1.862354 156.094700 487.637842 -6.606422 
1 -0.879999 1.984130 162.537031 463.208169 -6.606422 
1 1.284554 2.007798 162.118571 486.157605 -6.606422 
1 -1.119451 0.657260 158.966300 517.152233 -6.606422 
1 -3.793199 0.608328 158.809863 514.755382 -6.606422 
1 -10.043176 2.375592 162.986362 509.683803 -6.606422 
1 -2.801230 1.850169 156.308854 485.704338 -6.633635 
1 0.283527 1.783912 158.912386 481.180086 -6.633635 
1 -4.197650 1.686316 156.092739 505.025571 -6.633635 
1 -0.764778 1.590354 157.390574 491.364029 -6.633635 
1 0.261070 1.926666 159.865966 494.774529 -6.633635 
1 -2.143474 1.937434 163.196743 460.251984 -6.633635 
1 1.183383 1.484538 163.655868 497.370464 -6.633635 
1 -0.832703 0.279687 161.848180 544.369006 -6.633635 
1 -1.304983 2.159045 159.219555 464.560412 -6.633635 
1 -6.957507 2.228502 155.143979 476.235227 -6.633635 
1 1.030049 1.040931 162.117191 504.448707 -6.650306 
1 -2.533467 0.479905 159.904317 523.287622 -6.650306 
1 -3.084617 1.220011 158.125687 487.461140 -6.650306 
1 1.376191 1.919401 162.552303 488.978007 -6.650306 
1 0.164872 2.171982 161.493624 486.902789 -6.650306 
1 -2.625390 1.214093 163.582115 523.862725 -6.650306 
1 0.793759 0.726361 159.567403 522.931731 -6.650306 
1 0.518703 1.660479 161.754705 477.827771 -6.650306 
1 -4.217914 1.392317 167.643042 498.338356 -6.650306 
1 -1.900686 1.088787 156.476662 512.151647 -6.650306 
1 0.415256 0.812163 158.804487 521.104473 -6.666067 
1 -3.058985 1.574797 156.115187 486.500481 -6.666067 
1 -5.055676 1.184154 154.878398 514.109306 -6.666067 
1 -2.258850 0.891824 163.006424 530.455767 -6.666067 
1 -0.997739 2.151132 162.513861 494.733358 -6.666067 
1 1.598832 1.083202 161.500374 511.815923 -6.666067 
1 1.234137 1.721503 160.754821 498.973602 -6.666067 
1 -2.298515 2.080120 160.223592 500.922644 -6.666067 
1 0.475237 1.336262 163.417660 510.162233 -6.666067 
1 0.088761 1.318587 164.734444 499.306276 -6.666067 
1 -0.560615 0.704662 160.415295 532.390238 -6.710035 
1 -9.245664 1.262025 163.386676 469.693142 -6.710035 
1 -4.928062 0.731636 158.227466 539.375567 -6.710035 
1 -6.987413 1.384667 160.374791 532.442108 -6.710035 
1 1.768437 1.251627 160.759286 505.957047 -6.710035 
1 -3.031306 1.452680 155.862387 494.097073 -6.710035 
1 1.693928 1.438580 161.958576 503.464443 -6.710035 
1 1.653456 1.493414 161.155027 490.850048 -6.710035 
1 -3.770234 2.204044 157.659039 489.416232 -6.710035 
1 -4.206741 1.191588 167.500644 501.017059 -6.710035 
1 -1.741827 0.810158 163.162124 506.142630 -6.736268 
1 -6.484344 1.587151 168.804375 487.597657 -6.736268 
1 -4.778852 2.199026 167.880374 472.383199 -6.736268 
1 -0.664374 0.641101 159.357722 533.488119 -6.736268 
1 -2.323288 2.154755 158.838074 492.677396 -6.736268 
1 -3.989987 1.833487 161.554124 515.356833 -6.736268 
1 -0.701625 0.724382 161.922129 531.620530 -6.736268 
1 1.390533 1.734517 160.827454 482.347261 -6.736268 
1 1.842275 1.756064 161.722037 490.753999 -6.736268 
1 0.787779 1.402920 163.372550 490.790874 -6.736268 
1 -1.524810 1.707260 166.205667 486.103232 -6.748689 
1 0.444991 1.443089 158.550816 493.838910 -6.748689 
1 0.209609 1.923961 164.441830 489.769006 -6.748689 
1 0.205904 1.860794 161.376797 500.825042 -6.748689 
1 -1.220059 1.275816 164.390346 515.393469 -6.748689 
1 1.589766 1.308566 162.327707 498.181088 -6.748689 
1 0.748932 0.662377 160.411520 521.405406 -6.748689 
1 0.434412 1.777087 164.592143 489.240348 -6.748689 
1 -0.493203 1.511807 157.663023 501.908536 -6.748689 
1 -7.823835 2.030416 159.201576 515.241857 -6.748689 
1 -0.309930 0.426208 160.772610 529.869164 -6.754948 
1 0.073819 1.116611 162.333555 496.503849 -6.754948 
1 0.603747 2.051214 160.257891 486.583890 -6.754948 
1 0.662042 1.050281 159.129317 506.613086 -6.754948 
1 -2.690471 1.214202 166.413792 495.905562 -6.754948 
1 -2.866642 2.126667 164.945105 497.352503 -6.754948 
1 -1.067284 0.347422 163.970005 538.297041 -6.754948 
1 0.529576 1.565720 163.583441 503.793413 -6.754948 
1 1.224268 1.467820 159.848845 491.552955 -6.754948 
1 0.301327 1.255390 164.183246 508.178011 -6.754948 
1 -1.202108 2.277225 164.762960 463.621837 -6.775444 
1 1.334271 1.501661 163.021999 490.485356 -6.775444 
1 0.106683 2.272643 161.874972 480.137347 -6.775444 
1 -1.243702 1.381511 163.907655 515.160565 -6.775444 
1 -2.089440 1.345249 166.406585 500.394783 -6.775444 
1 1.666509 1.195258 160.778828 509.099294 -6.775444 
1 -7.039654 0.918855 160.887399 490.632717 -6.775444 
1 0.436187 1.067337 158.770753 515.844614 -6.775444 
1 -2.773378 0.982341 157.839161 528.624529 -6.775444 
1 -0.212098 1.936585 159.677341 496.532663 -6.775444 
1 0.666193 1.888827 159.429087 480.326997 -6.785937 
1 1.267864 1.941893 160.595156 487.123758 -6.785937 
1 -2.373203 2.578050 162.968826 467.883891 -6.785937 
1 -2.593007 2.054614 165.243174 497.327542 -6.785937 
1 -2.627724 2.481100 159.935983 471.492646 -6.785937 
1 -0.163775 0.992316 157.921306 515.223776 -6.785937 
1 -1.020022 1.108757 160.223602 493.801081 -6.785937 
1 1.018259 0.888449 162.471418 512.832577 -6.785937 
1 0.886539 0.634724 160.365271 527.510929 -6.785937 
1 -0.683959 1.505554 165.373126 489.202250 -6.785937 
1 -0.494906 0.877234 163.931224 522.356135 -6.779577 
1 0.958621 1.457133 159.018787 501.793340 -6.779577 
1 -2.016910 2.329066 165.859208 468.145764 -6.779577 
1 1.119036 1.310170 163.378712 505.316698 -6.779577 
1 -2.894300 0.422784 161.631300 543.304586 -6.779577 
1 1.964316 1.571247 161.509497 494.608890 -6.779577 
1 1.198546 1.678247 159.794710 486.041379 -6.779577 
1 1.485068 1.328249 160.594926 508.224356 -6.779577 
1 0.860027 0.550161 160.667635 530.035686 -6.779577 
1 0.757907 1.735122 160.678070 477.963773 -6.779577 
1 -1.805937 2.380750 165.211748 463.125105 -6.778654 
1 -1.348620 2.117733 159.607137 462.627587 -6.778654 
1 1.721699 1.619513 160.324643 493.031550 -6.778654 
1 1.033784 1.409212 159.333075 494.647241 -6.778654 
1 0.189378 2.011271 159.625716 489.478747 -6.778654 
1 -0.949828 2.198063 159.760963 464.315980 -6.778654 
1 0.987855 1.163655 159.694858 501.568427 -6.778654 
1 0.402021 1.111595 160.942325 519.946611 -6.778654 
1 -0.594105 2.105917 163.723099 464.239441 -6.778654 
1 0.979578 1.628192 159.058898 493.876328 -6.778654 
1 -1.600811 0.358802 163.996833 539.920249 -6.793994 
1 -4.836345 2.108105 155.778210 477.458121 -6.793994 
1 0.122592 1.300710 158.020706 505.238623 -6.793994 
1 1.239628 1.434792 159.401025 496.194228 -6.793994 
1 -0.362005 2.128873 159.482639 470.221395 -6.793994 
1 -0.989278 1.413876 160.611585 480.979636 -6.793994 
1 -1.794688 2.203951 165.826991 467.919774 -6.793994 
1 1.058359 1.240800 159.114714 504.262085 -6.793994 
1 -1.766950 1.961253 157.490761 490.024147 -6.793994 
1 1.417020 1.464480 160.385525 504.830343 -6.793994 
1 0.339906 0.331738 161.734234 538.622128 -6.799223 
1 1.087822 1.442583 162.727257 506.491235 -6.799223 
1 0.092876 1.492756 160.734624 512.098723 -6.799223 
1 -0.373778 1.778056 165.155795 493.008459 -6.799223 
1 -0.157720 2.113648 162.107856 464.245656 -6.799223 
1 0.529750 0.899948 163.309505 518.515910 -6.799223 
1 -1.083609 0.532739 161.478681 521.933333 -6.799223 
1 -4.351780 1.325009 159.471547 477.037367 -6.799223 
1 1.295794 1.961562 163.004495 480.902176 -6.799223 
1 0.267894 1.609446 159.744845 481.048520 -6.799223 
1 0.229638 2.112547 160.172840 485.649903 -6.809303 
1 -6.341424 1.737208 155.759655 468.862438 -6.809303 
1 -1.207400 1.347920 163.314134 483.422088 -6.809303 
1 -0.566427 2.358211 161.965881 478.973118 -6.809303 
1 1.079311 1.995461 160.395283 484.250948 -6.809303 
1 0.427036 1.098391 158.493682 512.530506 -6.809303 
1 -0.286186 1.572997 160.746253 477.696144 -6.809303 
1 1.226024 1.168541 160.946809 499.941152 -6.809303 
1 -0.534257 1.837471 164.504312 498.032124 -6.809303 
1 1.370903 1.428328 160.265120 492.479248 -6.809303 
1 1.858630 1.753073 161.567190 488.115146 -6.815190 
1 -0.342965 2.269523 164.231189 469.090315 -6.815190 
1 -5.921087 1.768166 166.517348 510.019138 -6.815190 
1 1.515972 1.701828 160.028255 489.906302 -6.815190 
1 1.068307 1.965134 160.891306 489.936953 -6.815190 
1 1.426217 1.669221 160.061329 487.410101 -6.815190 
1 -1.889636 2.535057 162.630634 469.935265 -6.815190 
1 1.079750 1.725579 163.572451 483.998606 -6.815190 
1 -0.248846 2.015782 164.514469 471.512993 -6.815190 
1 -1.217684 2.182278 165.195686 466.794589 -6.815190 
1 1.350157 1.432097 161.532268 490.171168 -6.812501 
1 0.308681 1.331929 158.401826 497.511639 -6.812501 
1 -1.912024 1.479255 166.101173 502.441257 -6.812501 
1 0.746243 1.345764 159.009333 507.784797 -6.812501 
1 0.075685 1.453800 158.368752 505.826200 -6.812501 
1 1.672737 1.602549 162.841517 492.055285 -6.812501 
1 -2.625782 0.880272 156.984708 527.485820 -6.812501 
1 0.028083 2.019453 158.999445 478.738414 -6.812501 
1 -0.093432 1.948981 161.863256 467.307914 -6.812501 
1 1.651158 1.086504 161.111185 510.626730 -6.812501 
1 -0.157724 2.124645 164.379144 484.946410 -6.807680 
1 0.762029 1.574169 158.753800 496.350131 -6.807680 
1 -0.547000 1.120004 157.514176 511.957182 -6.807680 
1 1.069878 1.353805 159.458722 507.251956 -6.807680 
1 -1.708051 1.924332 166.213881 477.572491 -6.807680 
1 1.090350 1.354042 162.158084 491.675870 -6.807680 
1 0.401324 1.080182 160.174995 520.179731 -6.807680 
1 0.175333 2.042986 159.533078 474.366559 -6.807680 
1 0.617829 1.808742 162.347235 500.010178 -6.807680 
1 0.315796 1.630707 161.410072 507.583916 -6.807680 
1 1.037532 2.103826 162.606981 476.205243 -6.796140 
1 0.905959 1.471016 159.940326 507.295731 -6.796140 
1 1.222883 1.482140 159.605519 492.540083 -6.796140 
1 -0.104542 2.100127 164.040552 468.887089 -6.796140 
1 0.121531 1.263793 164.150825 495.394036 -6.796140 
1 1.166238 1.052034 160.499974 516.787880 -6.796140 
1 1.206239 1.941857 162.104470 490.929697 -6.796140 
1 1.168376 1.004275 162.288520 516.099940 -6.796140 
1 -3.071597 1.131392 155.720776 508.705752 -6.796140 
1 1.050152 2.012946 162.553972 488.117495 -6.796140 
1 0.829021 1.340931 159.776916 510.847531 -6.785513 
1 -0.997564 2.157072 159.943981 463.082238 -6.785513 
1 0.495997 1.000868 159.196885 519.139621 -6.785513 
1 0.878593 1.202586 162.476736 513.874412 -6.785513 
1 0.585483 1.222507 164.078366 505.691655 -6.785513 
1 0.902793 2.143991 162.780255 478.415619 -6.785513 
1 -1.666614 1.394117 159.687434 519.647855 -6.785513 
1 0.775234 1.793083 159.087715 488.189464 -6.785513 
1 0.892785 1.550186 161.732374 483.282809 -6.785513 
1 1.723617 1.824794 162.274863 487.911532 -6.785513 
1 1.034967 1.100330 161.094614 501.496577 -6.778886 
1 0.548529 1.963068 164.287697 483.733566 -6.778886 
1 1.595453 1.111856 160.468151 508.794509 -6.778886 
1 -0.432494 1.615307 158.963362 480.054451 -6.778886 
1 -0.120153 1.528899 158.239888 488.687229 -6.778886 
1 -0.072498 1.825927 164.240124 475.151320 -6.778886 
1 1.855639 1.394829 161.817692 497.320946 -6.778886 
1 0.057206 1.848945 158.770524 479.484874 -6.778886 
1 0.272233 1.938624 164.168063 475.027993 -6.778886 
1 -2.138974 1.745549 164.705362 469.143747 -6.778886 
1 0.045578 1.054796 159.477003 501.364850 -6.772875 
1 1.090923 1.578593 163.670530 489.350413 -6.772875 
1 1.340830 1.181787 159.646558 506.194430 -6.772875 
1 -1.920135 2.014477 161.339611 458.594842 -6.772875 
1 -0.050908 1.227979 161.180131 491.118888 -6.772875 
1 0.111832 1.249491 158.425223 498.479709 -6.772875 
1 1.235099 1.308229 162.670736 508.511259 -6.772875 
1 1.123191 1.395705 160.723337 509.464530 -6.772875 
1 0.623124 0.887474 163.134722 511.909615 -6.772875 
1 -1.175341 0.549803 163.562462 534.195410 -6.772875 
1 -0.268454 0.776328 162.290065 528.575764 -6.759320 
1 0.817499 1.639258 158.919739 490.481499 -6.759320 
1 1.468033 1.429267 159.677367 500.120785 -6.759320 
1 1.787417 1.490398 161.566757 492.261064 -6.759320 
1 1.861684 1.613019 161.351431 489.905436 -6.759320 
1 1.433187 1.325154 162.227469 495.468939 -6.759320 
1 1.779416 1.190691 161.256744 506.452131 -6.759320 
1 -0.400909 0.365442 158.320445 538.686412 -6.759320 
1 0.298647 1.988572 164.175570 488.540062 -6.759320 
1 -3.424164 1.698861 155.902308 497.090941 -6.759320 
1 1.863159 1.607551 160.768502 494.327078 -6.736800 
1 1.227350 2.048280 161.817012 484.086905 -6.736800 
1 1.037889 1.230430 161.050011 514.127478 -6.736800 
1 1.480430 1.052250 162.151543 511.354718 -6.736800 
1 -0.300277 0.801831 159.841423 528.937706 -6.736800 
1 1.748306 1.766146 161.525789 492.634101 -6.736800 
1 1.350961 1.547719 163.043779 489.187048 -6.736800 
1 -0.581803 0.385003 158.038479 537.518389 -6.736800 
1 0.301135 1.712065 164.766415 489.434286 -6.736800 
1 1.140555 1.611842 159.601772 499.252219 -6.736800 
1 1.104593 2.033352 162.743701 485.486603 -6.728094 
1 -1.398705 1.671076 163.767511 471.820981 -6.728094 
1 0.008144 0.369322 160.105454 534.398878 -6.728094 
1 0.830279 1.243252 160.351093 514.477666 -6.728094 
1 1.164871 1.062359 162.391808 505.064692 -6.728094 
1 1.691716 1.780827 162.183788 492.048780 -6.728094 
1 1.053598 1.178268 162.271019 498.728446 -6.728094 
1 -0.904677 2.006405 165.559469 484.990749 -6.728094 
1 -2.071919 0.659753 158.482495 535.523103 -6.728094 
1 1.664713 1.766995 162.667503 486.685436 -6.728094 
1 0.019902 1.331113 164.761857 497.406106 -6.709417 
1 0.341472 1.748142 164.424117 494.589568 -6.709417 
1 0.394170 0.356456 160.873494 539.396909 -6.709417 
1 1.074790 1.359070 163.339657 505.394225 -6.709417 
1 1.338351 1.212770 163.027658 504.970181 -6.709417 
1 1.220655 1.849462 160.774513 493.944229 -6.709417 
1 -0.022366 1.086507 159.206034 520.106318 -6.709417 
1 1.114872 1.942231 163.310355 487.248981 -6.709417 
1 0.969670 1.008546 159.390212 515.381663 -6.709417 
1 0.297117 2.133981 160.047614 481.469151 -6.709417 
1 1.382378 1.377708 159.534342 500.166557 -6.686904 
1 0.341787 0.840876 162.687015 510.933085 -6.686904 
1 0.473232 1.458300 164.482651 498.036287 -6.686904 
1 0.383711 1.636993 159.869714 480.488480 -6.686904 
1 0.916234 0.751514 160.967399 525.196672 -6.686904 
1 -0.897882 2.083469 158.970277 489.341535 -6.686904 
1 0.033218 1.234738 164.149589 495.996192 -6.686904 
1 0.472510 0.934117 161.300427 523.400500 -6.686904 
1 1.563939 1.120797 161.186748 512.202454 -6.686904 
1 0.577665 1.404209 163.818840 491.277080 -6.686904 
1 -0.438853 1.667090 158.647651 503.874399 -6.693573 
1 -1.265196 1.837100 157.682058 495.086537 -6.693573 
1 -2.258378 1.102685 165.692827 515.812424 -6.693573 
1 0.977513 0.737630 162.044125 519.514486 -6.693573 
1 0.434614 0.888057 162.184818 523.465133 -6.693573 
1 -1.865678 2.463657 164.750168 474.034090 -6.693573 
1 -0.292725 2.041203 164.007958 468.076197 -6.693573 
1 -0.525573 0.820372 163.900101 511.057938 -6.693573 
1 0.708173 1.675893 159.003502 486.768141 -6.693573 
1 0.390450 1.359767 164.486519 498.477030 -6.693573 
