1 -22626.245436 -0.009757 -0.319859 0.982235 37.689368 402.471385 0.000000 
1 -34047.481941 -0.011613 -0.157154 0.243347 4.138867 354.438611 0.000000 
1 -22638.083376 -0.094023 -0.100815 0.946758 20.090604 412.001616 0.000000 
1 -22664.632877 -0.021675 -0.285206 0.748244 18.140352 377.589851 0.000000 
1 -22617.148633 0.006548 -0.208520 0.667150 53.857389 422.266037 0.000000 
1 -11313.480487 0.021381 0.077065 0.965576 27.523692 475.499530 0.000000 
1 -22655.269411 -0.025838 -0.275912 0.622245 79.283309 339.367346 0.000000 
1 -34030.614055 -0.015662 -0.104545 0.032990 22.812555 337.166291 0.000000 
1 -22661.025172 -0.004962 -0.052549 0.223368 38.247305 325.434745 0.000000 
1 -11311.712754 -0.010787 -0.004856 0.819253 84.471885 481.251000 0.000000 
1 -11343.442813 -0.020896 -0.078046 0.076235 26.623388 406.873912 -0.165400 
1 -22639.693161 -0.031525 -0.226230 0.447495 95.733099 439.783676 -0.165400 
1 -22640.291579 -0.041682 -0.121993 0.331721 79.834688 418.388277 -0.165400 
1 -11293.426574 -0.001028 -0.347158 0.361136 33.818374 494.555744 -0.165400 
1 -22648.273168 -0.042415 -0.052538 0.545195 26.650056 432.413201 -0.165400 
1 -11315.228326 0.027399 0.086624 0.956126 26.133348 473.402525 -0.165400 
1 -34016.371938 -0.001420 -0.057273 0.160998 10.308773 302.170497 -0.165400 
1 -11392.166185 -0.094180 -0.113274 0.576607 86.577547 344.967407 -0.165400 
1 -22621.843253 -0.019419 -0.162208 0.093326 55.271304 422.707001 -0.165400 
1 -11305.038903 -0.041129 0.012176 0.894031 45.252957 429.378634 -0.165400 
1 -22630.357190 -0.018999 -0.207979 0.546459 87.875630 407.073465 -0.311935 
1 -22631.584691 -0.022692 -0.110722 0.412381 86.349566 406.378266 -0.311935 
1 -22632.847358 0.011648 -0.033028 0.618376 84.813449 393.026328 -0.311935 
1 -11326.372233 0.041355 -0.118649 0.754184 15.784067 468.509513 -0.311935 
1 -22637.833753 -0.062985 -0.083010 0.733587 53.231149 305.019859 -0.311935 
1 -11497.906721 0.004871 -0.094215 0.908432 92.850787 410.198207 -0.311935 
1 -11302.236397 -0.002189 0.023541 0.469284 65.887198 389.209227 -0.311935 
1 -11394.180890 -0.054126 -0.163862 0.291815 94.767243 405.010800 -0.311935 
1 -11374.730648 -0.000872 -0.158122 0.311583 72.713296 437.933423 -0.311935 
1 -11312.645974 -0.026284 -0.043810 0.190143 47.562684 430.829380 -0.311935 
1 -22673.284675 -0.040275 -0.222004 0.240168 71.871270 456.774871 -0.475145 
1 -11297.855872 0.032497 -0.287027 0.588638 75.437442 455.471906 -0.475145 
1 -11373.422909 -0.035070 -0.301996 0.191918 13.940428 495.985145 -0.475145 
1 -11388.187584 -0.058846 0.046791 0.619176 46.201727 429.273892 -0.475145 
1 -11329.993631 -0.031300 -0.102812 0.810758 91.393206 482.627239 -0.475145 
1 -11327.271235 -0.023190 -0.137900 0.132344 22.315943 478.714460 -0.475145 
1 -22645.290034 -0.067889 -0.292487 0.950456 73.648789 387.125899 -0.475145 
1 -11332.658930 -0.033286 -0.121073 0.317452 17.127583 495.746216 -0.475145 
1 -11335.133127 -0.021837 -0.055826 0.637508 7.617898 487.126617 -0.475145 
1 -22633.095966 -0.066662 -0.020059 0.556487 28.574000 373.787449 -0.475145 
1 -11303.226899 0.020709 -0.059986 0.871606 63.190517 406.326294 -0.650369 
1 -11320.506648 -0.002669 -0.195754 0.493340 52.935247 441.571850 -0.650369 
1 2.364086 -0.059204 -0.168064 0.362426 50.614573 490.804890 -0.650369 
1 -11319.314493 -0.036877 -0.146539 0.148185 27.609636 393.386841 -0.650369 
1 -11332.762277 -0.055292 -0.042783 0.242082 50.105927 383.124779 -0.650369 
1 -22622.667200 0.017536 -0.352605 0.995916 39.621525 403.027059 -0.650369 
1 -22645.290034 -0.067889 -0.292487 0.950456 73.648789 387.125899 -0.650369 
1 -34018.028921 -0.049937 -0.219658 0.369520 91.158343 302.034497 -0.650369 
1 -11309.636886 -0.036658 -0.239684 0.791880 47.650593 489.855765 -0.650369 
1 -22623.775170 -0.017313 -0.257962 0.719069 40.252934 393.663987 -0.650369 
1 -11297.135341 -0.021002 0.027660 0.926459 63.196341 454.097185 -0.775450 
1 2.600282 -0.010154 -0.113144 0.219299 49.529934 466.396046 -0.775450 
1 -11337.280367 -0.002597 -0.112968 0.210266 17.350669 393.246889 -0.775450 
1 -11310.850056 -0.030111 -0.338267 0.472713 18.238053 474.798280 -0.775450 
1 -11293.940154 -0.018007 -0.258161 0.693373 31.613877 444.596937 -0.775450 
1 -22641.722659 0.008954 -0.109502 0.699513 10.176340 431.124848 -0.775450 
1 -22618.333065 0.025942 -0.241977 0.675276 61.706605 387.706846 -0.775450 
1 -22639.627284 -0.054075 -0.076137 0.714824 82.185905 304.821272 -0.775450 
1 -11302.801673 -0.008319 -0.267742 0.757253 74.979300 486.443802 -0.775450 
1 -11308.580850 -0.006363 -0.173646 0.126692 84.136429 472.860767 -0.775450 
1 -11319.512640 0.002330 -0.138574 0.918395 39.307858 365.883394 -0.942963 
1 -7.521633 -0.085264 -0.263735 0.941205 51.143411 497.746281 -0.942963 
1 -11379.275723 -0.007871 -0.111639 0.462301 0.766908 446.538330 -0.942963 
1 -11304.542414 -0.026330 -0.077928 0.714439 79.411938 485.536905 -0.942963 
1 -22618.270602 -0.021302 -0.117486 0.935017 46.991986 379.592584 -0.942963 
1 -22648.446122 0.011484 -0.129025 0.732543 12.574336 440.882192 -0.942963 
1 -34018.120310 -0.029662 -0.181741 0.070967 43.520216 307.634531 -0.942963 
1 -22630.927595 -0.032991 -0.052316 0.550936 6.153402 344.836569 -0.942963 
1 -11301.299303 -0.036636 -0.096496 0.780419 39.866238 482.457610 -0.942963 
1 -22650.856430 -0.027404 -0.232480 0.994754 70.420452 382.848428 -0.942963 
1 -0.451937 -0.030859 -0.173259 0.640513 54.639382 484.793088 -1.103206 
1 -22631.785970 -0.025223 -0.055112 0.529610 21.940943 404.135110 -1.103206 
1 -22665.312043 0.010364 -0.031061 0.151998 47.489159 376.223142 -1.103206 
1 -11326.697465 -0.022411 -0.031775 0.956045 56.720791 408.427083 -1.103206 
1 -22641.013039 -0.017788 -0.166522 0.644920 65.186848 310.816594 -1.103206 
1 -22637.619226 0.013355 -0.217146 0.094426 84.555654 334.160510 -1.103206 
1 -22632.533707 -0.022283 -0.021572 0.831960 60.988761 322.006800 -1.103206 
1 -11308.289206 -0.035031 -0.061499 0.278385 32.787065 407.340838 -1.103206 
1 -22685.076243 -0.029081 0.013390 0.609191 86.286498 311.124282 -1.103206 
1 -11386.925682 0.032386 0.139124 0.674013 6.690721 472.454879 -1.103206 
1 -11311.165361 -0.033362 0.007316 0.259765 83.586712 486.135176 -1.276690 
1 -19.660889 0.001291 -0.176608 0.174106 44.292889 441.496945 -1.276690 
1 -22660.200216 -0.012191 0.005298 0.486371 31.221580 311.348506 -1.276690 
1 -34024.833982 -0.018393 -0.132147 0.346998 7.628668 311.574428 -1.276690 
1 -22667.032171 -0.011310 -0.215874 0.168911 9.044885 464.752884 -1.276690 
1 -22778.062163 -0.012903 0.040338 0.233387 96.555975 349.265530 -1.276690 
1 -11297.299229 0.038615 -0.013819 0.869510 62.383152 451.598612 -1.276690 
1 -11412.955411 -0.038134 0.039393 0.154439 12.040561 372.668756 -1.276690 
1 -22669.782288 0.007173 -0.093506 0.392542 74.788095 452.552448 -1.276690 
1 -11327.627619 -0.054517 -0.253607 0.388939 74.148562 388.247134 -1.276690 
1 -6.904792 -0.035090 -0.202093 0.954501 54.161741 497.199524 -1.374845 
1 -67.828150 -0.067759 -0.147508 0.041653 32.718804 426.717872 -1.374845 
1 -11301.485002 -0.012342 -0.081485 0.567825 37.821842 491.420291 -1.374845 
1 -11302.063318 -0.033205 -0.301044 0.846386 64.785619 456.416231 -1.374845 
1 -11311.603559 -0.050825 -0.040218 0.721277 40.013513 386.912194 -1.374845 
1 -11427.906849 -0.019756 -0.055503 0.328426 12.861497 463.445714 -1.374845 
1 -22649.049191 -0.022362 -0.207125 0.682063 73.609315 316.681120 -1.374845 
1 -11338.329357 -0.035973 -0.298626 0.465055 5.445630 430.846566 -1.374845 
1 -13.950749 -0.040604 -0.065960 0.219929 63.470068 497.805749 -1.374845 
1 -22632.090848 -0.033628 -0.270621 0.607765 85.880875 408.231138 -1.374845 
1 -2.005255 -0.012163 -0.139065 0.686827 54.226954 497.350353 -1.471627 
1 -11291.273513 -0.012176 -0.036043 0.560980 66.747211 459.226356 -1.471627 
1 -39.630319 -0.031990 -0.025176 0.219115 31.861605 488.048520 -1.471627 
1 -11302.170208 -0.023878 -0.193027 0.896239 80.577939 451.539779 -1.471627 
1 -22640.039889 -0.021105 -0.132858 0.706025 73.564178 362.679098 -1.471627 
1 -11335.229877 -0.048541 -0.130800 0.772595 87.000033 349.610985 -1.471627 
1 -11301.177686 -0.064968 -0.171513 0.688948 71.974430 487.003611 -1.471627 
1 -22638.907808 -0.039090 0.118079 0.693556 27.477819 409.564567 -1.471627 
1 -18.978838 -0.013791 -0.014816 0.391517 40.767363 425.797232 -1.471627 
1 -22689.044942 -0.020357 -0.146869 0.545106 92.014983 302.665694 -1.471627 
1 -11313.233150 -0.054352 -0.123630 0.701944 26.765147 497.292578 -1.543555 
1 -11400.098128 0.012154 -0.060836 0.798232 1.280657 476.928401 -1.543555 
1 -1.776349 -0.045785 0.059146 0.806796 52.388774 444.999959 -1.543555 
1 -11305.688497 -0.052065 -0.016498 0.878830 82.298939 467.678350 -1.543555 
1 -11331.123751 -0.039176 -0.140659 0.723294 40.708669 345.209829 -1.543555 
1 -3.388490 0.002727 -0.186238 0.633673 50.062351 485.794884 -1.543555 
1 -22702.989012 -0.014987 -0.088593 0.178218 79.229809 365.677757 -1.543555 
1 -11408.219121 -0.078155 -0.167195 0.810889 85.160991 365.908182 -1.543555 
1 -22.844168 0.000172 -0.011175 0.418943 39.917176 421.377448 -1.543555 
1 -11400.552597 -0.059861 -0.156530 0.775863 89.675826 372.799552 -1.543555 
1 -22733.670158 -0.051311 -0.016099 0.239111 94.484498 498.145759 -1.613352 
1 0.974301 -0.004202 0.033641 0.479914 51.159290 457.103751 -1.613352 
1 -11303.888391 -0.017860 -0.299156 0.524593 45.546806 499.612833 -1.613352 
1 -11298.703166 -0.030269 -0.187510 0.654475 65.851667 469.552250 -1.613352 
1 -11509.323636 -0.003384 -0.092897 0.736174 33.427827 414.080969 -1.613352 
1 -13.465516 -0.015364 -0.034874 0.580846 40.355321 490.633709 -1.613352 
1 -14.030808 -0.024939 -0.119345 0.471954 39.866538 481.875759 -1.613352 
1 -11423.059978 -0.007703 -0.180887 0.797845 82.822721 397.183420 -1.613352 
1 -11323.367436 -0.036876 -0.199297 0.304579 21.049698 388.298375 -1.613352 
1 -77.856700 0.003603 -0.120506 0.373368 21.893847 474.152984 -1.613352 
1 -7.780624 -0.059720 -0.060384 0.660653 47.291663 436.156984 -1.686128 
1 -6.349847 -0.011239 0.030212 0.492496 53.261590 431.158691 -1.686128 
1 -11302.920344 -0.069718 -0.159497 0.572945 47.959086 476.078069 -1.686128 
1 -11416.833650 -0.031732 -0.185462 0.743533 83.851928 387.708906 -1.686128 
1 -75.042899 0.006157 -0.093915 0.305835 23.849368 496.736146 -1.686128 
1 -7.143019 -0.059848 -0.072523 0.888759 62.436016 489.071383 -1.686128 
1 -53.932716 -0.053748 -0.137385 0.433506 27.492054 479.453357 -1.686128 
1 -11379.012227 -0.044287 -0.131029 0.091971 86.508375 407.617979 -1.686128 
1 -11449.245710 -0.051214 -0.160339 0.807260 20.405226 395.973275 -1.686128 
1 -34018.191985 0.008864 -0.152738 0.749973 51.689380 301.764408 -1.686128 
1 -11313.071016 -0.067718 -0.041369 0.639829 53.247594 428.954015 -1.749655 
1 -11313.752738 -0.007984 -0.203461 0.972012 20.102432 456.995910 -1.749655 
1 -3.202082 -0.030196 -0.083980 0.265368 53.195929 439.664432 -1.749655 
1 -11415.275489 -0.032449 0.058954 0.307833 54.751526 469.316141 -1.749655 
1 -90.731281 0.011332 -0.085718 0.337486 20.954487 497.571289 -1.749655 
1 2.778429 -0.064849 0.000265 0.595660 49.944605 482.701451 -1.749655 
1 -24.021106 -0.051803 -0.123118 0.462953 36.166615 452.002436 -1.749655 
1 -11369.581551 0.023140 -0.133477 0.198871 38.717062 493.452996 -1.749655 
1 -11373.792389 -0.011870 0.108712 0.865474 0.629453 451.625792 -1.749655 
1 -22626.174124 -0.023384 -0.005939 0.763262 97.810106 370.855705 -1.749655 
1 -11319.103337 -0.050893 -0.053935 0.639716 50.906709 445.548236 -1.783327 
1 -18.176417 -0.047340 -0.066916 0.287118 36.758822 475.342184 -1.783327 
1 -11500.692803 -0.021423 -0.140966 0.784369 85.867122 410.295060 -1.783327 
1 0.701082 -0.033371 -0.043186 0.226456 53.881747 451.666549 -1.783327 
1 -249.762852 0.002274 -0.145722 0.565350 95.003673 493.207147 -1.783327 
1 -4.489595 0.019899 -0.064761 0.383659 44.425757 468.274735 -1.783327 
1 -144.790944 -0.052266 -0.097410 0.582897 43.947375 421.437421 -1.783327 
1 -15.709250 -0.000712 -0.097129 0.332958 44.762594 430.222882 -1.783327 
1 -11418.095019 -0.015485 -0.127272 0.931507 83.849352 393.456614 -1.783327 
1 -2.857068 -0.064104 -0.169631 0.168297 61.866095 485.210316 -1.783327 
1 -22754.792886 -0.041481 -0.305804 0.428865 85.124647 487.708566 -1.881828 
1 -55.943638 -0.049197 -0.020745 0.314697 27.537054 493.790357 -1.881828 
1 -11399.973848 -0.016036 -0.080069 0.592601 7.604615 468.315966 -1.881828 
1 -22642.703139 -0.050772 -0.079763 0.590277 34.174034 322.520378 -1.881828 
1 -11410.058920 -0.047205 -0.040763 0.748115 27.155360 310.345821 -1.881828 
1 -11503.791234 0.012246 -0.416287 0.398154 6.786771 446.260998 -1.881828 
1 -11310.210337 -0.004273 -0.177744 0.986005 82.333485 476.370898 -1.881828 
1 -24.481942 -0.009589 -0.107342 0.338560 38.548085 432.614102 -1.881828 
1 -11337.151842 -0.036822 -0.031617 0.837979 33.970271 335.649983 -1.881828 
1 -11302.533863 -0.024972 -0.280327 0.887440 70.510183 482.300343 -1.881828 
1 -22654.619334 0.003442 -0.223356 0.064459 11.510542 427.835353 -1.977444 
1 -35.493384 -0.038135 -0.265331 0.399251 34.308819 476.513009 -1.977444 
1 -32.669339 -0.013137 0.029026 0.194962 46.568696 497.325502 -1.977444 
1 -47.275281 -0.075309 -0.244179 0.298411 31.496855 499.526765 -1.977444 
1 -11305.616611 -0.077565 -0.286353 0.376604 18.585698 414.520650 -1.977444 
1 -11495.956548 -0.035341 -0.165754 0.657627 32.277415 402.248658 -1.977444 
1 -11299.019776 0.035398 -0.283293 0.593241 76.117452 475.943057 -1.977444 
1 -22655.267302 -0.009872 -0.139893 0.672097 81.499980 321.664049 -1.977444 
1 -11308.451932 -0.035994 -0.022971 0.814631 82.639614 479.250591 -1.977444 
1 -1.941451 -0.004793 -0.111450 0.775150 54.872248 490.262215 -1.977444 
1 -12.539713 -0.022490 -0.388226 0.951640 57.284391 489.456178 -2.044327 
1 -263.064723 -0.010010 -0.268444 0.659737 95.956336 494.786376 -2.044327 
1 -6.574102 -0.021476 0.034021 0.286150 42.986438 475.868494 -2.044327 
1 -11338.142050 -0.018036 -0.000176 0.988996 13.264253 489.116932 -2.044327 
1 -11292.506716 -0.040859 0.205494 0.934885 68.511000 460.321252 -2.044327 
1 -11319.116909 -0.004575 -0.037425 0.972333 87.680752 475.763896 -2.044327 
1 -11298.094416 0.008062 -0.221179 0.981143 36.314952 466.837155 -2.044327 
1 -22634.326526 -0.027187 -0.105182 0.209189 23.567303 417.506899 -2.044327 
1 -22.408238 -0.022023 -0.134966 0.314355 36.294982 483.447835 -2.044327 
1 -11401.789020 -0.016815 0.196687 0.781951 88.530101 326.840771 -2.044327 
1 -10.004705 -0.044600 0.016321 0.630671 44.965260 432.365948 -2.086428 
1 -11361.467107 -0.013270 -0.230849 0.230588 49.838679 401.648736 -2.086428 
1 -9.448949 -0.019721 -0.018005 0.247787 41.000199 482.627235 -2.086428 
1 -21.170245 -0.017946 -0.141611 0.162879 68.374532 438.943449 -2.086428 
1 -11311.896848 -0.032072 0.081367 0.958118 87.751022 454.127151 -2.086428 
1 -11319.988857 -0.000153 -0.057528 0.960430 89.774796 465.246491 -2.086428 
1 -7.542954 -0.002540 -0.018828 0.312379 59.582114 438.793302 -2.086428 
1 -24.533993 -0.034812 -0.101584 0.315370 34.923600 476.560208 -2.086428 
1 -19.060010 -0.029775 -0.222059 0.118799 46.111511 477.435228 -2.086428 
1 -11317.301483 -0.042626 -0.136347 0.878852 19.666291 466.412194 -2.086428 
1 -9.056095 -0.049010 -0.026802 0.490873 51.267350 423.536761 -2.114606 
1 -7.160660 0.021224 -0.077562 0.978970 49.069139 491.776826 -2.114606 
1 -11383.962601 -0.043465 0.166482 0.196567 7.413725 434.317807 -2.114606 
1 -21.170245 -0.017946 -0.141611 0.162879 68.374532 438.943449 -2.114606 
1 -11335.900408 -0.033125 -0.011746 0.962065 18.150558 490.673891 -2.114606 
1 -11302.971746 -0.013802 -0.089406 0.909222 67.543458 486.838120 -2.114606 
1 -12.360410 -0.065330 -0.114793 0.466199 42.390036 442.548033 -2.114606 
1 -3.586297 0.001129 -0.088375 0.970077 54.056496 469.327522 -2.114606 
1 -2.598714 0.005770 -0.175406 0.543053 58.444591 490.431775 -2.114606 
1 -24.911506 0.014505 -0.131157 0.268886 36.389613 453.728656 -2.114606 
1 -8.890046 -0.049686 -0.025066 0.499194 51.048410 423.980249 -2.132922 
1 -4.119917 0.001214 -0.080173 0.913568 56.994371 489.801294 -2.132922 
1 -6.220752 -0.026150 -0.249361 0.286224 46.351702 478.128603 -2.132922 
1 -11328.614424 -0.051264 -0.190714 0.326458 52.208599 427.637014 -2.132922 
1 -11336.502749 -0.039617 -0.118385 0.635568 41.458609 339.524507 -2.132922 
1 -39.412028 -0.015838 -0.098070 0.137095 29.702984 460.949151 -2.132922 
1 -12.031752 -0.064654 -0.082689 0.501523 42.152779 441.800231 -2.132922 
1 -8.629237 -0.004692 -0.196920 0.749562 61.184029 493.761243 -2.132922 
1 4.794628 -0.036659 -0.048976 0.316195 53.370963 472.478474 -2.132922 
1 -21.865887 -0.031539 -0.149132 0.173817 36.870832 453.622340 -2.132922 
1 3.787838 -0.028429 -0.062715 0.287113 56.047405 467.924110 -2.206072 
1 -11307.005261 0.004944 0.016531 0.909262 30.967286 476.846270 -2.206072 
1 -11403.794357 -0.058169 -0.182045 0.667292 2.490913 470.938658 -2.206072 
1 -11314.496519 -0.039613 -0.162667 0.397687 24.908075 386.210914 -2.206072 
1 -11381.487694 -0.008665 0.070594 0.293870 34.277956 456.568166 -2.206072 
1 -11329.828816 -0.030142 -0.039811 0.158685 67.590188 443.220102 -2.206072 
1 -11316.051212 -0.055532 -0.426525 0.987799 80.231245 493.514985 -2.206072 
1 -11295.739071 -0.040480 -0.143383 0.892846 37.072680 446.990254 -2.206072 
1 -11383.940945 -0.008569 -0.279823 0.136520 53.707291 486.235597 -2.206072 
1 -6.794519 -0.062560 0.190245 0.843060 42.725816 474.889039 -2.206072 
1 2.611878 -0.040141 -0.193523 0.251473 54.954400 499.050167 -2.289813 
1 2.218583 0.011242 0.046160 0.408550 50.100076 475.887685 -2.289813 
1 -11302.270037 -0.025955 0.035895 0.911033 58.315480 436.578239 -2.289813 
1 -11442.038473 -0.017437 0.020745 0.476883 72.159553 341.699657 -2.289813 
1 -11404.070384 -0.038869 -0.248703 0.602311 99.421132 352.329057 -2.289813 
1 -3.748031 -0.016298 0.132998 0.536218 57.403965 443.471051 -2.289813 
1 -34019.602593 -0.035684 -0.120008 0.145589 54.836739 309.329168 -2.289813 
1 -11396.679253 -0.038214 -0.147585 0.592255 1.048638 470.935312 -2.289813 
1 -10.391461 -0.070068 -0.247121 0.389195 46.837700 450.385657 -2.289813 
1 -11294.047853 -0.000145 -0.032952 0.458567 61.714201 468.484149 -2.289813 
1 -7.799617 -0.061217 -0.117801 0.377162 42.006093 484.493743 -2.316658 
1 -11473.315191 -0.052026 -0.121309 0.577694 55.656558 316.972292 -2.316658 
1 -11299.513357 0.015197 0.086316 0.426730 85.258695 454.728110 -2.316658 
1 -11298.136134 0.033239 -0.275828 0.572383 31.888252 487.576104 -2.316658 
1 -3.325749 -0.010169 -0.164055 0.734542 53.622362 497.105967 -2.316658 
1 -4.689630 0.005828 0.052573 0.530707 50.411670 438.306393 -2.316658 
1 -150.321024 -0.058079 0.116833 0.307133 89.704285 450.299171 -2.316658 
1 -41.250334 -0.029270 -0.081416 0.229680 29.309870 467.351580 -2.316658 
1 -2.139112 0.006733 -0.248888 0.412460 52.958936 496.847442 -2.316658 
1 -199.427629 -0.033480 0.032004 0.422837 94.140677 463.127533 -2.316658 
1 -3.402638 -0.062600 -0.118889 0.698456 48.538983 499.237586 -2.384231 
1 -22657.003954 -0.026097 -0.421606 0.063134 11.106656 348.081123 -2.384231 
1 -11298.478826 -0.065891 -0.075740 0.960920 74.240626 421.022927 -2.384231 
1 -2.971407 -0.015735 0.030650 0.657392 61.035657 494.594505 -2.384231 
1 1.365478 -0.047776 -0.114522 0.584483 53.948784 467.224372 -2.384231 
1 -4.730288 0.006134 0.052971 0.531502 50.621810 437.988488 -2.384231 
1 -11316.937709 0.006980 -0.032790 0.340732 90.304195 489.902983 -2.384231 
1 1.979152 -0.052359 0.021073 0.354189 57.651808 477.041635 -2.384231 
1 -11420.463794 -0.053794 -0.068096 0.422951 36.970186 318.590822 -2.384231 
1 -22707.396714 -0.028773 0.152723 0.078397 0.313316 375.855329 -2.384231 
1 -3.550947 0.011956 -0.139621 0.631413 48.500144 476.236614 -2.401443 
1 -11516.027015 -0.041801 -0.054075 0.121924 85.172182 349.578145 -2.401443 
1 1.973842 -0.009450 -0.192034 0.217413 51.841971 499.800448 -2.401443 
1 -4.832022 -0.006354 -0.272038 0.451151 51.602787 473.481060 -2.401443 
1 -0.450237 -0.058312 -0.163189 0.668944 54.766734 466.312807 -2.401443 
1 -9.279380 -0.001411 0.078340 0.481883 54.193289 425.653256 -2.401443 
1 -11321.696114 -0.032989 -0.175425 0.158277 9.825964 435.821957 -2.401443 
1 -9.206555 -0.055798 -0.345362 0.348368 46.871900 488.839886 -2.401443 
1 -3.989945 -0.081514 -0.176155 0.994044 57.146035 478.912933 -2.401443 
1 0.934325 -0.070651 -0.011000 0.491297 60.630648 477.669048 -2.401443 
1 -9.056358 -0.017611 -0.045566 0.213310 40.671747 474.094885 -2.421022 
1 -71.200315 -0.073811 -0.188878 0.273864 23.485902 468.937964 -2.421022 
1 -10.334315 -0.040364 -0.367485 0.284600 51.192851 476.087044 -2.421022 
1 -16.881775 -0.030369 -0.265775 0.125546 53.275688 482.058561 -2.421022 
1 -7.282028 0.038830 -0.151548 0.211707 51.372426 452.738852 -2.421022 
1 -6.405957 -0.006970 0.015335 0.427005 48.445296 435.711809 -2.421022 
1 -11300.949447 -0.032746 -0.263343 0.541945 69.557917 487.041031 -2.421022 
1 -21.318962 0.026930 0.065010 0.465876 37.443236 497.778839 -2.421022 
1 -3.939321 -0.076169 -0.208456 0.874492 58.278675 479.625889 -2.421022 
1 -11323.214963 0.019939 -0.002459 0.731861 22.990761 493.846397 -2.421022 
1 -1.389295 -0.020226 -0.094139 0.398759 61.163372 493.059553 -2.443070 
1 -41.735821 -0.007596 0.082329 0.234343 33.626055 440.489545 -2.443070 
1 -11314.449754 -0.025758 -0.144168 0.100538 61.957817 422.355303 -2.443070 
1 -5.441388 -0.035696 -0.329979 0.216805 54.841672 485.048271 -2.443070 
1 -95.799469 0.021022 -0.139451 0.324322 18.392749 472.236470 -2.443070 
1 -10.442926 -0.016226 -0.029669 0.439880 44.791306 434.615364 -2.443070 
1 -2.734404 -0.007818 -0.117829 0.247878 62.124447 463.843918 -2.443070 
1 2.539108 -0.011571 0.020777 0.405053 49.937911 489.060622 -2.443070 
1 -5.612624 -0.064927 -0.317049 0.829293 55.699667 479.477136 -2.443070 
1 -11319.731835 -0.005348 -0.161434 0.856814 46.826580 375.697807 -2.443070 
1 1.405457 -0.025604 -0.081811 0.605335 51.614354 486.295327 -2.476227 
1 -22636.003690 -0.041157 -0.049366 0.960034 93.349171 413.932323 -2.476227 
1 -11316.812025 0.004522 -0.107874 0.952107 54.455607 464.476404 -2.476227 
1 0.763992 -0.044178 -0.254761 0.323854 53.290877 488.461771 -2.476227 
1 4.100778 -0.037234 -0.047027 0.465433 53.598129 486.363147 -2.476227 
1 -9.568120 -0.021987 -0.269647 0.921221 51.624872 498.506385 -2.476227 
1 1.387755 -0.003047 -0.193466 0.278717 55.818315 476.021045 -2.476227 
1 1.910920 -0.027918 -0.149200 0.486690 53.426758 483.838754 -2.476227 
1 4.872498 -0.018961 -0.097174 0.292059 54.751888 484.953205 -2.476227 
1 -57.390170 -0.036821 -0.106846 0.430947 26.376765 477.619664 -2.476227 
1 -92.099463 -0.022533 -0.014135 0.588599 19.727406 487.639977 -2.500886 
1 -5.515419 -0.024514 0.200140 0.877038 61.998737 497.963201 -2.500886 
1 -11344.407126 -0.020835 -0.238141 0.545786 31.494642 330.995948 -2.500886 
1 -1.040325 -0.039707 -0.287623 0.274692 53.583362 485.860495 -2.500886 
1 -6.348485 -0.015960 -0.045813 0.383030 49.098041 436.068158 -2.500886 
1 0.871778 -0.020307 -0.224515 0.246675 55.474964 475.319816 -2.500886 
1 -5.577692 0.009728 0.019064 0.329155 47.832727 443.084100 -2.500886 
1 -68.677032 -0.003102 -0.153934 0.186742 23.489559 456.754544 -2.500886 
1 -11296.950024 -0.034138 -0.119253 0.521033 31.045314 470.552249 -2.500886 
1 -7.421266 -0.051748 -0.160739 0.421642 43.138658 485.982362 -2.500886 
1 -10.563682 -0.021348 0.079945 0.609904 41.604081 494.689227 -2.552633 
1 -0.211833 -0.019971 -0.012721 0.777029 49.700332 473.115136 -2.552633 
1 -22644.940139 -0.021692 -0.152866 0.596169 84.701176 431.732294 -2.552633 
1 -30.330750 -0.033141 -0.272389 0.318388 36.312078 474.703408 -2.552633 
1 -10.683349 -0.048154 -0.187805 0.300214 42.596844 499.808694 -2.552633 
1 -10.069777 -0.016237 -0.008926 0.184870 47.111781 443.549265 -2.552633 
1 -11488.911926 -0.016143 -0.183853 0.904337 93.879447 397.580366 -2.552633 
1 -11539.847172 -0.057191 -0.116152 0.461233 95.034816 454.831778 -2.552633 
1 -109.917584 -0.051066 -0.222081 0.302807 17.377416 485.970834 -2.552633 
1 0.496423 -0.041796 -0.088165 0.612828 49.569342 485.370680 -2.552633 
1 -25.486309 -0.004652 -0.307208 0.351731 40.121513 469.459710 -2.565294 
1 -10.139542 -0.031837 -0.224035 0.418361 64.816407 498.858228 -2.565294 
1 -193.051191 0.046699 0.206010 0.630604 87.724866 490.062985 -2.565294 
1 -3.480366 -0.063841 -0.129501 0.230421 50.033448 441.175601 -2.565294 
1 -11294.142806 -0.008754 0.092492 0.498536 74.772827 486.313404 -2.565294 
1 -12.917861 -0.014691 -0.089815 0.341780 53.215052 423.112787 -2.565294 
1 -155.725371 -0.039206 -0.106489 0.082991 4.660478 414.030977 -2.565294 
1 0.175663 -0.025324 0.029250 0.854663 52.702521 489.614814 -2.565294 
1 -60.010852 -0.046410 -0.060242 0.059754 31.472044 403.991938 -2.565294 
1 -13.457892 -0.010834 -0.168865 0.539293 41.874740 493.061914 -2.565294 
1 4.072671 -0.047822 0.033166 0.495533 51.570645 481.986889 -2.584061 
1 -42.113718 0.003704 -0.176541 0.357169 31.295654 459.935376 -2.584061 
1 -214.292765 -0.061263 0.102584 0.667378 90.718895 497.113165 -2.584061 
1 -5.217629 -0.041665 -0.225815 0.931954 52.498528 479.027411 -2.584061 
1 -11302.527658 -0.010401 -0.040145 0.112006 30.678284 445.193491 -2.584061 
1 -6.567927 -0.020108 -0.098613 0.476683 46.647662 446.931022 -2.584061 
1 -149.194979 -0.036485 -0.112261 0.091190 6.734394 412.452763 -2.584061 
1 -6.744932 -0.036557 -0.023894 0.896050 61.687355 493.572883 -2.584061 
1 -5.287839 -0.040842 -0.142475 0.305033 44.188391 495.358586 -2.584061 
1 -1.232144 -0.019525 -0.056108 0.759074 52.180951 496.535904 -2.584061 
1 -18.491470 0.025389 0.044741 0.607887 37.580979 478.555410 -2.584291 
1 0.256970 -0.024174 -0.096135 0.468076 48.185818 487.868309 -2.584291 
1 -4.415053 -0.021076 -0.124660 0.491253 45.773932 494.616230 -2.584291 
1 -2.229362 -0.013827 -0.158004 0.441754 60.866039 482.463417 -2.584291 
1 -18.958121 0.005699 -0.055587 0.207886 36.826568 452.714772 -2.584291 
1 -55.433401 -0.024603 -0.106386 0.525713 28.238350 493.515967 -2.584291 
1 -11.880300 -0.027734 -0.039881 0.510041 66.729218 493.430401 -2.584291 
1 -13.243929 -0.046808 -0.040818 0.995708 64.472807 496.066060 -2.584291 
1 -16.658223 0.003060 0.020916 0.278330 67.218370 466.992936 -2.584291 
1 -2.218679 -0.037422 -0.119498 0.457554 45.975541 483.089899 -2.584291 
1 -4.997994 -0.007905 -0.211967 0.551776 47.865472 479.659473 -2.612505 
1 0.030265 -0.040648 -0.130722 0.461412 48.713901 493.148001 -2.612505 
1 1.375942 -0.032850 0.076655 0.854646 56.283580 476.040591 -2.612505 
1 -12.278975 -0.060646 0.089447 0.277068 48.283346 483.449945 -2.612505 
1 0.969863 -0.034382 0.148712 0.882707 56.879765 486.276196 -2.612505 
1 -56.288274 -0.024551 -0.108731 0.529487 28.163060 494.630692 -2.612505 
1 -11315.558979 -0.021613 -0.143214 0.964391 41.362292 373.855672 -2.612505 
1 -13.518420 -0.046878 -0.041218 0.998503 64.476302 496.951468 -2.612505 
1 -264.665722 -0.080507 -0.004671 0.887236 72.639888 337.172747 -2.612505 
1 -47.580030 -0.011276 0.011334 0.182350 51.319628 386.982816 -2.612505 
1 -16.348245 -0.028255 -0.280738 0.164278 45.393984 493.135534 -2.613866 
1 -250.282094 -0.052870 0.000086 0.435904 78.534892 332.430705 -2.613866 
1 -6.853043 -0.043666 -0.194810 0.941209 52.911086 499.693486 -2.613866 
1 0.944991 0.010403 -0.045170 0.471166 49.677313 493.969291 -2.613866 
1 -0.519597 -0.025647 0.116994 0.936662 55.828858 492.892873 -2.613866 
1 -1.592131 -0.038367 -0.188292 0.374121 48.885017 467.840150 -2.613866 
1 -1.467816 0.004153 -0.160111 0.644073 52.845994 481.601300 -2.613866 
1 -14.086161 -0.047666 -0.039362 0.995299 64.872975 496.660193 -2.613866 
1 -197.799630 -0.088639 -0.033497 0.001585 71.636275 376.435536 -2.613866 
1 -38.773186 -0.012450 0.013074 0.182140 53.823824 395.441394 -2.613866 
1 0.243952 -0.051817 -0.253643 0.353427 55.371630 477.940198 -2.615532 
1 -253.196467 -0.038891 0.006209 0.375761 81.440048 348.091966 -2.615532 
1 -6.445881 -0.053919 -0.057345 0.800293 62.118821 495.235308 -2.615532 
1 0.338319 0.015066 0.024102 0.388710 58.656166 472.104654 -2.615532 
1 -11.851206 -0.011871 -0.159229 0.476924 41.856805 488.747798 -2.615532 
1 3.349915 -0.015532 -0.152365 0.269223 51.623022 475.821513 -2.615532 
1 -3.274019 0.022094 -0.155909 0.668120 50.473669 484.132566 -2.615532 
1 -21.253532 -0.095964 -0.089258 0.284134 70.958302 488.365084 -2.615532 
1 -18.587798 -0.025414 -0.192988 0.244889 40.697621 452.109213 -2.615532 
1 -107.786491 -0.006221 0.078273 0.156057 60.952292 378.194061 -2.615532 
1 -0.935203 -0.067404 -0.188500 0.346807 61.728265 481.606448 -2.618752 
1 -155.638980 -0.049821 -0.173844 0.151115 13.160100 496.139026 -2.618752 
1 -6.340151 -0.067760 -0.089004 0.517636 63.976463 496.052827 -2.618752 
1 -2.576730 -0.047169 -0.128614 0.187288 62.714253 455.875293 -2.618752 
1 -102.042008 -0.063999 -0.121972 0.672733 86.071155 347.005491 -2.618752 
1 -14.578371 -0.011560 -0.086944 0.175092 68.105485 463.793622 -2.618752 
1 0.138942 -0.022372 -0.016894 0.455992 52.092434 450.958836 -2.618752 
1 2.813410 -0.001365 -0.086333 0.270129 54.793087 464.546769 -2.618752 
1 -38.229578 -0.029408 0.023844 0.255896 71.946244 481.389983 -2.618752 
1 -87.006573 -0.005589 0.080585 0.179140 59.847468 380.983975 -2.618752 
1 -8.989548 -0.044220 0.007418 0.248196 60.545856 474.698327 -2.623820 
1 -162.487834 -0.048392 -0.173428 0.139012 11.939521 492.250913 -2.623820 
1 -5.455804 -0.058519 -0.066699 0.406381 65.015475 478.707260 -2.623820 
1 -3.455660 -0.049283 -0.087040 0.218111 49.142295 438.773446 -2.623820 
1 -101.371475 -0.081457 -0.129511 0.679250 85.394064 343.074513 -2.623820 
1 -7.058833 -0.014684 -0.088374 0.289095 65.433707 482.514282 -2.623820 
1 -18.395979 -0.001770 -0.023401 0.350591 39.941980 432.674680 -2.623820 
1 -98.153965 -0.041793 -0.208851 0.505056 20.582014 497.641392 -2.623820 
1 -8.279939 -0.023591 -0.097357 0.987742 60.849891 490.457042 -2.623820 
1 -80.884249 -0.005595 0.079413 0.175590 59.711533 379.896289 -2.623820 
1 -7.001055 0.010734 -0.182737 0.155713 53.417388 452.349932 -2.630325 
1 -162.713390 -0.048360 -0.172921 0.137519 11.903971 491.599215 -2.630325 
1 -231.713004 -0.005952 -0.192098 0.490696 92.184650 479.773838 -2.630325 
1 -12.324101 0.032961 -0.174364 0.253691 46.347169 452.471101 -2.630325 
1 -94.805875 -0.070329 -0.112114 0.671310 83.656874 348.081390 -2.630325 
1 -0.725439 -0.012995 0.206763 0.874234 57.322717 496.621035 -2.630325 
1 2.860257 -0.055673 0.112527 0.731916 56.609577 479.763894 -2.630325 
1 -2.920946 -0.036802 -0.070305 0.853078 49.200985 489.139497 -2.630325 
1 -3.166108 -0.021894 -0.014977 0.979753 56.183029 492.354431 -2.630325 
1 -141.603423 -0.017532 0.031571 0.128901 52.567714 373.919055 -2.630325 
1 -3.406227 -0.076445 -0.029400 0.342195 43.440555 477.081254 -2.633830 
1 -8.425010 -0.063403 0.028566 0.522071 41.066645 479.004489 -2.633830 
1 -4.670820 0.001984 -0.270753 0.445451 51.693975 476.556356 -2.633830 
1 -0.189139 -0.054563 -0.002337 0.961861 53.052910 468.682631 -2.633830 
1 -101.133240 -0.069712 -0.127390 0.656531 84.888349 343.589083 -2.633830 
1 -1.016891 -0.019860 0.039868 0.770821 51.264652 499.936174 -2.633830 
1 -14.224268 -0.055422 0.091327 0.424633 67.576759 483.991124 -2.633830 
1 -60.264695 -0.040334 -0.079300 0.465372 25.888935 482.788029 -2.633830 
1 -0.244357 -0.010343 0.171011 0.761330 57.859085 457.424243 -2.633830 
1 -132.885008 -0.019768 0.019456 0.123885 51.593748 384.335068 -2.633830 
1 3.070582 -0.012304 -0.155172 0.229367 51.980045 498.238050 -2.634432 
1 -0.767038 -0.047039 -0.125354 0.819415 54.339325 477.058003 -2.634432 
1 -21.322636 -0.000275 -0.148123 0.431705 37.577815 484.386969 -2.634432 
1 -7.396272 -0.026738 -0.225105 0.479340 45.269421 483.386348 -2.634432 
1 2.744845 0.000068 -0.054348 0.505577 52.740546 483.241076 -2.634432 
1 -11.621566 -0.063741 -0.110451 0.254912 66.464863 496.145783 -2.634432 
1 -10.002759 -0.003674 -0.264436 0.992199 55.074864 494.012742 -2.634432 
1 -9.337976 -0.058885 -0.289075 0.916408 59.023699 494.840905 -2.634432 
1 0.621412 -0.012170 0.155888 0.602836 56.846261 460.418094 -2.634432 
1 -2.147352 -0.006956 -0.101939 0.124628 51.591408 444.871185 -2.634432 
1 -1.712106 -0.024300 -0.148754 0.475619 47.565141 478.685573 -2.636421 
1 -4.037046 -0.044790 -0.113341 0.058662 57.587342 438.948926 -2.636421 
1 1.720434 -0.007658 0.029299 0.531178 49.166754 470.549084 -2.636421 
1 -35.399653 -0.039039 -0.126651 0.228344 76.529026 472.301290 -2.636421 
1 -13.425091 -0.048358 -0.063745 0.445831 67.309462 498.173746 -2.636421 
1 -28.170173 -0.042448 -0.061398 0.187344 71.301335 470.527283 -2.636421 
1 -5.637679 -0.002560 -0.224922 0.363672 48.073720 469.471827 -2.636421 
1 -5.071315 -0.061145 -0.224931 0.952619 54.485083 487.313489 -2.636421 
1 -5.463917 -0.057066 0.011231 0.710399 44.369768 490.221407 -2.636421 
1 -7.823054 -0.084968 -0.046841 0.138469 47.908608 443.156474 -2.636421 
1 -3.649561 -0.024385 -0.116270 0.511271 45.565029 482.158127 -2.640035 
1 -14.182370 0.033098 -0.144211 0.298352 43.088838 452.068829 -2.640035 
1 -8.833180 -0.008211 -0.029878 0.474409 41.358441 470.477441 -2.640035 
1 -31.116374 -0.032739 -0.144836 0.157565 74.905289 475.925684 -2.640035 
1 -9.374851 -0.040212 -0.102043 0.440461 65.405707 497.889178 -2.640035 
1 -2.807079 -0.048145 -0.241721 0.633158 50.915282 476.981853 -2.640035 
1 -9.269995 -0.003957 0.107411 0.680374 42.393273 492.891677 -2.640035 
1 3.153236 -0.039989 -0.189448 0.183379 56.861564 477.014083 -2.640035 
1 -1.330967 0.008953 -0.000577 0.843691 57.544761 477.888765 -2.640035 
1 -9.512829 0.013531 -0.041042 0.238295 59.248690 438.508869 -2.640035 
1 -18.840673 -0.040636 -0.004561 0.316595 36.589000 479.153074 -2.647388 
1 -7.058911 -0.056236 -0.186195 0.415015 44.919210 461.030419 -2.647388 
1 -16.143381 -0.023893 -0.186175 0.220019 39.189570 475.715049 -2.647388 
1 -3.057909 -0.028307 -0.332349 0.285270 55.348821 496.917911 -2.647388 
1 -12.317503 -0.025212 -0.077882 0.118857 45.644234 474.722382 -2.647388 
1 -3.675771 0.005407 -0.147488 0.854779 52.702003 476.493296 -2.647388 
1 -12.069017 -0.048868 0.131949 0.762374 41.788055 498.946888 -2.647388 
1 -4.936214 -0.015870 -0.054563 0.300518 47.497671 442.284695 -2.647388 
1 -11.300823 -0.002486 -0.086827 0.866303 45.048386 499.462453 -2.647388 
1 0.223308 -0.057320 0.003856 0.700253 48.479374 486.991499 -2.647388 
1 1.635440 -0.047519 -0.111784 0.361480 55.925686 458.218911 -2.651999 
1 -3.491368 -0.086592 -0.230134 0.535482 47.681932 470.687829 -2.651999 
1 -0.372447 -0.017705 -0.197243 0.261795 48.546342 495.939103 -2.651999 
1 3.192596 -0.049061 -0.133940 0.230465 49.763938 483.035867 -2.651999 
1 -16.530928 -0.007881 -0.174012 0.112193 65.327814 492.929398 -2.651999 
1 2.705601 -0.010729 0.100279 0.682852 52.286913 470.813352 -2.651999 
1 0.452716 -0.001413 0.183339 0.863267 57.080657 488.684703 -2.651999 
1 -4.541695 -0.004500 -0.086026 0.265744 44.923508 455.442764 -2.651999 
1 -4.009754 -0.013087 -0.106052 0.989205 55.324877 482.163882 -2.651999 
1 -5.925017 0.003947 -0.104393 0.227452 60.035909 447.668580 -2.651999 
1 -6.081757 -0.005009 -0.079177 0.271087 42.214320 483.163565 -2.689092 
1 -26.557107 -0.061849 -0.174838 0.146564 38.367349 469.148709 -2.689092 
1 -28.063632 -0.042754 -0.110965 0.239272 34.613290 441.877145 -2.689092 
1 -42.039602 -0.014130 -0.198721 0.376525 31.759040 455.714890 -2.689092 
1 -20.691526 0.013426 -0.152723 0.124893 70.454925 457.753011 -2.689092 
1 -9.949905 0.015123 0.019460 0.677419 41.618327 474.525632 -2.689092 
1 -3.688095 0.002291 -0.033318 0.596837 46.030233 463.005768 -2.689092 
1 3.948694 -0.064027 -0.026356 0.472324 52.087836 466.814327 -2.689092 
1 -4.306013 -0.022953 -0.114812 0.950806 55.043430 492.064915 -2.689092 
1 2.219970 -0.041282 0.055185 0.745048 51.177013 471.228795 -2.689092 
1 0.834624 -0.000691 -0.148050 0.179628 52.402654 459.360185 -2.729061 
1 -26.338587 -0.014504 -0.204031 0.273221 37.797203 453.201535 -2.729061 
1 -6.000079 -0.056237 0.029294 0.460947 42.192196 479.293671 -2.729061 
1 -2.939465 -0.026893 -0.109631 0.200699 59.709257 447.382937 -2.729061 
1 -1.386998 0.007242 -0.131264 0.129340 44.931325 472.069951 -2.729061 
1 -4.158595 -0.008796 0.022177 0.602579 54.410181 438.220790 -2.729061 
1 -1.157007 0.021309 -0.082364 0.662907 56.231572 491.067740 -2.729061 
1 -48.717465 -0.012784 -0.255595 0.425463 31.686247 447.321520 -2.729061 
1 -1.568740 -0.016745 -0.151705 0.495946 49.402885 468.235491 -2.729061 
1 -3.837102 0.022424 -0.047164 0.920921 57.774276 479.061925 -2.729061 
1 0.163323 -0.036555 -0.188839 0.388417 58.357988 473.383954 -2.741342 
1 4.237084 -0.067401 -0.034463 0.392641 56.084335 467.971001 -2.741342 
1 -4.672369 -0.051731 0.043961 0.497452 43.020424 478.786141 -2.741342 
1 -3.256125 -0.028168 0.079849 0.582617 62.865028 481.343135 -2.741342 
1 -4.835877 -0.007399 -0.041543 0.411365 63.349445 491.766897 -2.741342 
1 -6.315308 0.026384 0.030460 0.258759 56.526100 461.787955 -2.741342 
1 2.956290 -0.053769 -0.128641 0.157536 57.641909 464.227193 -2.741342 
1 -12.131025 -0.016140 -0.256078 0.182736 47.678615 462.656376 -2.741342 
1 -3.369001 -0.016221 -0.195482 0.796762 53.900726 481.549027 -2.741342 
1 -1.816739 -0.039683 -0.099358 0.907400 55.178378 469.832172 -2.741342 
1 -4.394847 -0.058312 -0.327367 0.601418 57.287040 485.154706 -2.752277 
1 -1.336437 -0.023923 0.032400 0.327347 57.360875 456.760658 -2.752277 
1 -8.386179 0.001003 -0.170132 0.128411 62.186048 452.028663 -2.752277 
1 0.141223 -0.010028 0.075245 0.768080 51.249582 457.399165 -2.752277 
1 -2.362956 -0.012023 0.061914 0.552380 61.329422 492.663745 -2.752277 
1 -2.174646 -0.042836 0.098927 0.355151 49.015471 470.456898 -2.752277 
1 -1.022192 -0.015846 -0.193348 0.366875 50.142868 471.903801 -2.752277 
1 0.672018 -0.023137 -0.205503 0.361592 52.734187 475.934716 -2.752277 
1 -3.892138 -0.019930 0.155383 0.679308 50.399431 438.599892 -2.752277 
1 1.365919 -0.066435 -0.216024 0.358044 58.361679 487.264251 -2.752277 
1 -0.289413 -0.040720 0.015475 0.929229 51.015663 477.799318 -2.783668 
1 -1.011799 -0.023961 -0.013786 0.866435 55.187359 491.814301 -2.783668 
1 2.848940 -0.013798 -0.141306 0.346643 54.613094 497.061489 -2.783668 
1 -7.390266 -0.013814 0.102980 0.381236 43.468213 490.325683 -2.783668 
1 -2.597073 -0.049408 0.009432 0.740656 45.836367 477.493345 -2.783668 
1 -0.221454 -0.044114 0.018628 0.747479 51.543151 499.156434 -2.783668 
1 -8.584482 -0.013553 -0.078307 0.466053 48.878178 434.436968 -2.783668 
1 -11.430841 -0.047189 -0.202062 0.207934 54.105442 438.161163 -2.783668 
1 -33.166247 0.003991 -0.129813 0.247539 33.342195 492.258706 -2.783668 
1 -0.816991 -0.078152 -0.113947 0.827287 53.224758 461.450861 -2.783668 
1 -2.780320 0.028389 -0.020032 0.912166 50.533597 474.778387 -2.793886 
1 -0.296177 -0.033858 -0.199801 0.348684 48.863305 483.318020 -2.793886 
1 2.964536 -0.013782 -0.157417 0.301835 52.630359 497.453868 -2.793886 
1 3.738607 -0.027138 -0.044106 0.300572 56.604374 476.887434 -2.793886 
1 -0.533667 -0.048247 -0.031619 0.884544 56.318798 466.308467 -2.793886 
1 -1.180969 -0.008935 0.014031 0.813331 52.299777 497.222873 -2.793886 
1 1.532071 0.029655 -0.026421 0.368166 54.471352 465.365756 -2.793886 
1 -24.448374 -0.068318 0.047684 0.365278 51.957236 392.990879 -2.793886 
1 -2.200268 -0.017763 -0.198282 0.620341 52.885109 495.075054 -2.793886 
1 1.309998 -0.060733 -0.058793 0.739993 51.948026 470.005888 -2.793886 
1 -2.080645 0.008979 -0.059130 0.864289 56.073215 472.997226 -2.811155 
1 3.078864 -0.019614 -0.020909 0.310674 49.852736 484.502200 -2.811155 
1 -0.429688 -0.017668 -0.161740 0.247699 47.075907 475.228282 -2.811155 
1 2.649894 -0.028321 -0.065900 0.360759 55.573119 499.975695 -2.811155 
1 -6.310801 -0.034835 -0.058463 0.340427 64.892765 463.316114 -2.811155 
1 -0.940675 -0.009589 0.012081 0.814394 52.837441 496.465494 -2.811155 
1 -6.184453 -0.014949 0.054191 0.778787 45.177448 495.465865 -2.811155 
1 -21.450046 -0.076369 0.037977 0.461820 54.357219 395.529257 -2.811155 
1 -5.486561 -0.006941 -0.163817 0.536402 46.220483 491.430806 -2.811155 
1 -0.227712 -0.057442 -0.083165 0.705177 58.670178 472.682975 -2.811155 
1 -4.126943 0.030794 -0.153640 0.509179 48.014801 493.532390 -2.813034 
1 3.289390 0.001167 -0.139374 0.213970 53.885156 468.269123 -2.813034 
1 1.138016 -0.033776 -0.099543 0.307129 53.636480 453.793829 -2.813034 
1 0.966197 -0.009924 -0.098298 0.576634 55.445207 489.962515 -2.813034 
1 3.053412 -0.048853 -0.076629 0.402610 58.331355 480.811916 -2.813034 
1 -0.961244 -0.013263 0.032016 0.841635 57.326046 490.537783 -2.813034 
1 2.436518 -0.012467 0.188716 0.818789 54.397505 472.670925 -2.813034 
1 3.047761 -0.068834 -0.007685 0.461101 51.224932 495.418760 -2.813034 
1 -4.932975 -0.020566 -0.159814 0.381888 44.743259 478.011758 -2.813034 
1 -7.420301 -0.022525 -0.349899 0.502153 59.159559 494.938625 -2.813034 
1 -2.052485 -0.053393 -0.160085 0.714428 49.335028 476.185736 -2.835136 
1 -3.884130 -0.016693 -0.125724 0.244678 63.726764 489.170483 -2.835136 
1 -26.084707 -0.003803 -0.092585 0.197616 34.933585 486.224541 -2.835136 
1 1.623497 -0.026760 -0.085027 0.513582 56.047993 495.557438 -2.835136 
1 -3.429071 -0.010791 -0.100999 0.480251 61.201945 497.998723 -2.835136 
1 1.950205 -0.013667 0.071158 0.650848 50.432657 486.939695 -2.835136 
1 -6.361113 -0.026889 -0.034163 0.946797 59.240618 499.467642 -2.835136 
1 4.369802 -0.058679 -0.128440 0.316515 56.849383 485.312606 -2.835136 
1 -4.954970 0.002081 -0.071683 0.483545 44.331162 485.395206 -2.835136 
1 -1.072259 -0.017415 0.086588 0.382264 52.209334 456.775626 -2.835136 
1 -13.289141 -0.035803 -0.062446 0.762827 65.583389 498.272905 -2.856333 
1 -7.132019 -0.020067 -0.117646 0.299198 65.421789 488.237008 -2.856333 
1 1.335456 -0.031406 0.004773 0.673188 52.293417 494.775780 -2.856333 
1 0.397452 -0.032100 -0.029658 0.239847 47.366608 476.629235 -2.856333 
1 0.947745 -0.040828 -0.238851 0.378170 54.725086 487.430750 -2.856333 
1 -7.569604 -0.028997 -0.196996 0.409161 44.456548 471.431276 -2.856333 
1 -0.852806 -0.043702 -0.155773 0.428581 48.380479 496.740951 -2.856333 
1 0.460933 -0.007952 -0.023088 0.290776 59.017516 478.474391 -2.856333 
1 -12.701852 -0.008084 -0.018970 0.601445 39.992801 474.205954 -2.856333 
1 -1.645711 -0.019993 -0.068180 0.343498 48.367788 451.790508 -2.856333 
1 -0.818330 -0.046232 0.045317 0.595714 52.583710 444.620240 -2.915087 
1 -7.482064 -0.007475 -0.298177 0.366356 49.864247 473.478972 -2.915087 
1 -11.982376 0.007908 0.044390 0.327310 64.251869 492.069583 -2.915087 
1 -9.794824 -0.024486 -0.020665 0.550100 51.059941 424.409215 -2.915087 
1 0.351038 0.018581 -0.126060 0.490368 56.188764 483.210390 -2.915087 
1 -2.576481 -0.021054 0.198355 0.614809 51.138158 446.357629 -2.915087 
1 0.788524 -0.054460 -0.101176 0.703623 53.774766 467.792702 -2.915087 
1 -6.954763 -0.054291 -0.103400 0.617330 63.864778 491.129826 -2.915087 
1 -9.203578 0.003698 0.107902 0.616191 41.176284 474.438871 -2.915087 
1 -39.682416 0.021488 -0.075005 0.255873 31.650162 496.601095 -2.915087 
1 -9.320414 -0.040285 -0.031403 0.695874 64.412322 497.224506 -2.961281 
1 0.926256 -0.019047 -0.084675 0.301156 47.319788 468.961143 -2.961281 
1 -29.455628 -0.071760 0.057010 0.245025 62.945085 409.213602 -2.961281 
1 -2.031366 -0.048137 -0.025290 0.433041 44.593190 471.983946 -2.961281 
1 -15.711650 -0.057225 -0.132000 0.414270 38.932102 485.476466 -2.961281 
1 1.363516 -0.068387 0.042969 0.474072 47.267300 471.535440 -2.961281 
1 0.638271 -0.043545 -0.037558 0.347784 48.585760 499.183694 -2.961281 
1 -6.495822 -0.069700 -0.091660 0.663938 63.637244 490.824122 -2.961281 
1 2.843376 -0.035840 0.037131 0.432860 56.543009 468.542574 -2.961281 
1 -11.150403 0.029133 -0.049414 0.296309 40.911252 496.689384 -2.961281 
1 -0.445315 -0.041524 -0.003235 0.539614 59.785835 495.793330 -2.982501 
1 3.300368 -0.024294 0.059449 0.488921 54.117972 468.112138 -2.982501 
1 -3.030699 0.001553 -0.081406 0.482559 45.724482 484.961410 -2.982501 
1 -6.134499 -0.061579 -0.258559 0.340061 46.743600 471.116769 -2.982501 
1 -31.254909 -0.065426 -0.101501 0.405540 32.734234 459.499541 -2.982501 
1 3.984290 -0.073585 -0.005827 0.482348 50.682079 484.482777 -2.982501 
1 2.642545 -0.053004 0.042071 0.461736 57.408346 467.404503 -2.982501 
1 -2.032248 -0.001210 -0.151529 0.633200 51.875753 468.316612 -2.982501 
1 1.825256 -0.013007 -0.083463 0.516981 55.766040 472.457494 -2.982501 
1 2.848198 -0.047020 -0.064111 0.280274 58.327452 482.743411 -2.982501 
1 -3.555092 -0.048720 0.218188 0.531300 47.371421 493.519007 -3.046927 
1 -13.457818 -0.056954 -0.253162 0.208284 44.495811 495.019548 -3.046927 
1 -29.445311 -0.009908 -0.087922 0.176672 34.947966 488.565590 -3.046927 
1 0.098424 -0.037388 -0.203639 0.488384 54.808505 474.172299 -3.046927 
1 -38.875578 -0.059569 -0.128176 0.038463 37.050936 426.607134 -3.046927 
1 -1.851650 0.022958 -0.063895 0.516140 60.222482 483.080314 -3.046927 
1 -6.922903 -0.045415 -0.033020 0.574785 64.885010 484.489742 -3.046927 
1 -6.844984 0.000599 -0.194672 0.749925 59.575099 492.823096 -3.046927 
1 0.937635 -0.027434 -0.094281 0.202228 59.707292 479.256037 -3.046927 
1 3.923847 -0.044193 -0.044789 0.293901 53.467368 463.360466 -3.046927 
1 -6.049095 -0.054793 0.186957 0.525085 43.664465 482.345218 -3.087216 
1 -2.980192 -0.049073 0.051915 0.974848 48.941805 491.915969 -3.087216 
1 2.645605 -0.004698 -0.081317 0.349663 51.479529 498.285336 -3.087216 
1 -8.533966 -0.073533 -0.263240 0.646679 62.291149 497.918467 -3.087216 
1 -21.627529 -0.014886 -0.208392 0.514303 38.853084 492.006549 -3.087216 
1 -9.512335 -0.016644 -0.113510 0.366101 45.899457 441.232300 -3.087216 
1 -6.287638 -0.047256 -0.034566 0.569626 64.626691 483.494370 -3.087216 
1 -3.369945 -0.059722 -0.231652 0.668211 56.453569 499.733182 -3.087216 
1 -6.836162 -0.036202 -0.084175 0.268928 65.592385 466.472339 -3.087216 
1 3.489124 -0.030538 -0.122445 0.278448 53.715462 465.273808 -3.087216 
1 1.173707 0.012260 -0.030845 0.495013 57.945597 476.577139 -3.119761 
1 -4.805519 -0.039577 -0.038090 0.950606 48.505847 492.755513 -3.119761 
1 -0.148767 -0.063741 -0.020253 0.259118 53.481592 492.686067 -3.119761 
1 -0.641272 -0.027786 -0.167701 0.374391 59.800079 496.849425 -3.119761 
1 -1.229486 -0.015389 -0.157983 0.518047 51.079653 466.800861 -3.119761 
1 -8.146143 -0.004465 -0.029485 0.385024 65.461505 484.954428 -3.119761 
1 -15.957702 -0.047473 -0.071004 0.203572 66.927534 480.623140 -3.119761 
1 -4.637629 -0.041059 -0.160180 0.858235 52.568486 498.960434 -3.119761 
1 3.939846 -0.062539 -0.080926 0.293016 50.324987 486.323228 -3.119761 
1 -4.501789 -0.043306 -0.016780 0.425899 60.929347 444.977029 -3.119761 
1 1.844653 -0.047096 -0.110820 0.478785 54.216369 499.908074 -3.147315 
1 0.696726 -0.028251 -0.022428 0.328451 58.073480 458.510247 -3.147315 
1 -6.585632 0.013525 -0.291286 0.435996 52.299007 474.448478 -3.147315 
1 0.168624 -0.027410 -0.249912 0.352979 54.740139 496.879500 -3.147315 
1 1.372954 -0.022527 -0.192005 0.310947 57.444600 498.953310 -3.147315 
1 -13.652536 -0.006141 -0.048250 0.373138 67.550811 492.900811 -3.147315 
1 -3.883798 -0.062501 -0.058390 0.336517 45.939501 445.639862 -3.147315 
1 -5.885177 -0.029755 0.121039 0.723784 43.214772 463.129460 -3.147315 
1 -1.750864 -0.055245 -0.037443 0.226826 51.725726 493.744398 -3.147315 
1 0.645553 -0.009596 -0.221562 0.341884 53.964264 498.332847 -3.147315 
1 0.511752 -0.028579 -0.012660 0.675567 58.053668 488.137982 -3.184938 
1 -2.118492 -0.002750 -0.055479 0.730532 48.220876 476.707540 -3.184938 
1 -0.650620 -0.010405 0.070261 0.357383 53.805121 495.297078 -3.184938 
1 -11.050251 -0.033601 -0.105199 0.449813 42.499737 449.117687 -3.184938 
1 -1.041517 -0.021840 -0.157703 0.389449 60.536341 490.585365 -3.184938 
1 -4.440690 -0.030409 -0.075309 0.329529 49.543691 439.825735 -3.184938 
1 -7.916673 -0.033664 -0.142866 0.234492 42.768697 491.893005 -3.184938 
1 0.834056 -0.009723 -0.046804 0.583149 50.669223 492.926973 -3.184938 
1 -2.316639 -0.004544 -0.041240 0.662923 60.362093 485.099184 -3.184938 
1 -4.682081 -0.018585 -0.238500 0.728705 51.638550 489.866874 -3.184938 
1 4.115665 -0.030016 0.008365 0.498194 52.809226 481.597760 -3.198296 
1 1.119231 -0.035831 -0.052200 0.447277 53.853872 454.274388 -3.198296 
1 2.325778 -0.045766 -0.094949 0.487477 50.042095 480.519049 -3.198296 
1 -5.917758 0.010264 -0.036934 0.412512 57.044876 439.923748 -3.198296 
1 -0.663235 -0.038719 -0.105212 0.251620 47.680750 498.082904 -3.198296 
1 2.984772 -0.029325 -0.116604 0.257338 57.705200 466.858657 -3.198296 
1 -5.265872 -0.074412 -0.159639 0.301172 43.960674 467.283912 -3.198296 
1 -5.196751 0.013336 0.008155 0.459764 43.223165 475.961511 -3.198296 
1 0.634394 -0.089829 -0.093652 0.746208 50.166836 473.365491 -3.198296 
1 -5.065599 -0.006571 -0.249824 0.676282 57.531639 486.298253 -3.198296 
1 1.004604 -0.047067 0.211672 0.827700 50.356362 489.618966 -3.221482 
1 -3.551511 -0.032829 -0.110324 0.961100 52.507042 487.668475 -3.221482 
1 1.964077 -0.042010 -0.092074 0.200154 57.432494 483.123241 -3.221482 
1 4.491859 0.008587 -0.132203 0.239874 53.013207 490.364461 -3.221482 
1 -5.689463 -0.040769 0.129330 0.811318 45.687466 499.222586 -3.221482 
1 1.074428 -0.013831 0.004554 0.381409 57.081447 498.202734 -3.221482 
1 -4.235145 -0.087640 -0.175553 0.298196 44.850048 470.647669 -3.221482 
1 -1.574635 0.003860 -0.003759 0.948665 53.217251 481.826112 -3.221482 
1 -1.577749 -0.050467 -0.194249 0.348108 61.600518 477.683758 -3.221482 
1 -12.043885 -0.009514 0.057435 0.502739 67.468109 471.562476 -3.221482 
1 -2.339828 -0.039355 0.029640 0.917958 48.436779 460.732939 -3.221860 
1 -2.453243 -0.029558 -0.057184 0.998820 52.257222 478.897443 -3.221860 
1 1.362509 -0.039227 -0.038178 0.258501 57.103913 458.821564 -3.221860 
1 2.512022 -0.054490 -0.129859 0.460927 56.575262 472.854958 -3.221860 
1 1.519071 0.005167 -0.082149 0.516844 53.085053 472.613431 -3.221860 
1 0.702473 -0.034424 -0.027178 0.665228 51.643476 495.905044 -3.221860 
1 2.661271 -0.047435 -0.164231 0.321144 54.451696 467.875854 -3.221860 
1 -1.027713 0.012266 0.132530 0.421236 53.285776 493.444026 -3.221860 
1 -3.475406 0.005028 -0.103409 0.577730 46.940006 488.192460 -3.221860 
1 0.214768 -0.029144 0.022531 0.289458 48.794145 475.420793 -3.221860 
1 -5.205219 -0.005359 -0.046285 0.221027 51.091013 438.688807 -3.244516 
1 0.522685 -0.038878 0.145936 0.714232 59.609329 482.147873 -3.244516 
1 -2.058373 -0.035581 0.036966 0.486625 51.578812 441.328901 -3.244516 
1 2.937112 -0.059490 -0.112433 0.276591 59.481626 475.165551 -3.244516 
1 -3.438604 -0.022422 -0.017545 0.977027 48.962244 465.735288 -3.244516 
1 -7.106936 -0.013429 -0.045451 0.382629 58.471977 435.937695 -3.244516 
1 0.006887 -0.051647 -0.139012 0.670952 54.879486 492.459336 -3.244516 
1 -4.466855 -0.077721 -0.294305 0.752561 52.591544 493.399781 -3.244516 
1 4.619204 -0.016045 -0.108389 0.284200 54.652861 475.982048 -3.244516 
1 -4.848752 -0.028347 -0.238208 0.596073 59.718131 491.547355 -3.244516 
1 -7.738013 -0.030166 -0.199948 0.582808 45.902788 497.876178 -3.267903 
1 2.436174 0.011364 -0.051971 0.499861 54.916521 484.376578 -3.267903 
1 -6.766580 -0.010668 -0.076987 0.424894 44.784726 451.429044 -3.267903 
1 -5.221042 -0.034652 0.044585 0.381899 61.448897 449.799387 -3.267903 
1 2.535219 -0.050239 0.039724 0.441707 52.715162 458.276655 -3.267903 
1 1.905138 -0.007753 -0.101327 0.145402 51.891226 478.639290 -3.267903 
1 -2.528455 -0.055910 -0.100929 0.686165 47.581952 489.818981 -3.267903 
1 -5.756569 0.008495 -0.122938 0.653680 61.254649 490.431544 -3.267903 
1 2.478700 -0.027057 -0.167841 0.195753 50.457280 470.620151 -3.267903 
1 -0.778476 -0.004969 -0.221507 0.355470 50.474109 489.102548 -3.267903 
1 -6.971761 -0.015618 -0.299501 0.622535 50.238498 495.520615 -3.293655 
1 -8.310698 -0.038645 -0.004661 0.333849 45.588265 433.711229 -3.293655 
1 -0.410489 -0.009150 -0.185266 0.359240 59.395748 488.827895 -3.293655 
1 -8.885899 -0.049380 0.044552 0.509206 64.905336 447.969703 -3.293655 
1 2.490809 -0.079091 -0.041805 0.668888 56.369567 485.646995 -3.293655 
1 2.528773 -0.015604 -0.039518 0.446212 55.893276 495.831961 -3.293655 
1 -6.268216 -0.036668 -0.051588 0.831949 45.435685 487.127200 -3.293655 
1 0.904728 -0.068772 0.093097 0.774249 58.967070 484.316046 -3.293655 
1 3.934016 -0.015850 -0.126599 0.335766 54.702588 480.736571 -3.293655 
1 2.130261 -0.004029 -0.009302 0.366105 49.551874 467.414126 -3.293655 
1 -11.893101 -0.040001 -0.120134 0.362036 41.283698 453.232687 -3.351553 
1 -6.556984 -0.076770 -0.005027 0.441158 49.807066 427.217647 -3.351553 
1 1.293046 0.008967 -0.171530 0.113710 48.570380 475.827986 -3.351553 
1 -5.587854 -0.034473 -0.017374 0.454755 61.982764 446.882896 -3.351553 
1 1.065983 -0.023040 -0.161795 0.392072 52.610757 469.229233 -3.351553 
1 0.850522 -0.021694 -0.074925 0.629224 50.898573 485.954138 -3.351553 
1 -16.502288 -0.044189 -0.021113 0.881120 40.647491 494.661750 -3.351553 
1 -1.597659 -0.083141 -0.036438 0.900388 52.133348 497.190656 -3.351553 
1 -6.558534 -0.078842 -0.271287 0.911475 55.981231 496.167838 -3.351553 
1 0.661330 -0.021665 0.148471 0.702696 54.437308 453.638903 -3.351553 
1 0.955292 -0.035068 -0.127192 0.552693 57.233743 485.230636 -3.338879 
1 4.048600 0.008637 -0.115832 0.285856 54.361273 491.112027 -3.338879 
1 5.332110 0.000291 -0.144610 0.175279 54.054565 480.576959 -3.338879 
1 -2.793781 -0.031174 -0.201596 0.534711 48.543306 486.317900 -3.338879 
1 -1.033145 -0.057827 -0.179051 0.200805 54.263986 452.818409 -3.338879 
1 1.702845 -0.015590 -0.045219 0.581566 50.462654 481.643878 -3.338879 
1 1.646687 -0.061519 -0.047988 0.603108 57.970316 468.562868 -3.338879 
1 -0.003939 0.006671 -0.029167 0.770587 54.824002 484.049720 -3.338879 
1 3.065547 -0.040671 0.081163 0.667069 52.883871 487.983053 -3.338879 
1 -3.094121 -0.051315 0.001294 0.299161 59.932521 489.428896 -3.338879 
1 -1.191891 -0.053882 -0.144941 0.615580 49.539448 493.322086 -3.340594 
1 2.266833 -0.007053 -0.146580 0.398559 53.147849 491.202251 -3.340594 
1 1.596170 -0.012826 0.063753 0.722486 51.819497 489.670024 -3.340594 
1 -1.158291 -0.034549 -0.116317 0.314015 45.541123 477.636081 -3.340594 
1 -5.122953 -0.046388 -0.212114 0.270816 46.022068 468.986972 -3.340594 
1 2.868864 -0.064617 0.042606 0.670399 52.424568 490.377198 -3.340594 
1 -8.131405 -0.074916 -0.078978 0.583570 47.514530 433.284989 -3.340594 
1 2.888355 -0.065155 -0.089292 0.599551 53.552572 483.450177 -3.340594 
1 4.209023 -0.037550 -0.008265 0.422462 55.099865 486.198981 -3.340594 
1 0.226321 -0.020601 -0.219872 0.170537 59.862930 490.823581 -3.340594 
1 3.227550 -0.012586 -0.035404 0.486761 55.500630 485.631810 -3.318511 
1 4.909736 0.021200 -0.164169 0.151475 54.746884 479.739132 -3.318511 
1 1.280856 -0.071693 0.064192 0.713444 53.057623 499.393189 -3.318511 
1 5.384956 -0.072433 -0.083968 0.283673 54.455256 477.771762 -3.318511 
1 -2.224930 -0.056368 -0.260988 0.349925 50.428719 473.477729 -3.318511 
1 2.295779 -0.035110 -0.045099 0.262608 48.945779 485.458504 -3.318511 
1 1.875316 -0.032279 -0.098326 0.394925 59.107699 483.203846 -3.318511 
1 1.979117 -0.070867 -0.094053 0.409023 59.047060 491.827134 -3.318511 
1 -1.077311 0.013771 -0.066359 0.693534 56.656053 490.190990 -3.318511 
1 -0.257009 -0.009595 -0.208535 0.188850 60.075147 499.525202 -3.318511 
1 0.108930 -0.043023 -0.150445 0.309880 61.124375 489.383822 -3.290230 
1 2.595999 -0.049953 -0.156319 0.250855 52.301791 498.093322 -3.290230 
1 -0.918167 0.015037 -0.015375 0.707735 52.601614 498.264123 -3.290230 
1 3.817715 -0.051585 -0.089393 0.363498 57.616064 477.645000 -3.290230 
1 0.389487 -0.058920 -0.149582 0.453367 48.679185 489.498932 -3.290230 
1 3.366895 -0.004732 0.007638 0.408378 51.420592 472.790271 -3.290230 
1 2.321849 -0.045798 -0.027359 0.694289 53.123293 483.649730 -3.290230 
1 1.520648 -0.005523 -0.149879 0.311598 58.850013 489.474916 -3.290230 
1 3.013014 -0.021807 -0.150178 0.270282 58.436793 482.582295 -3.290230 
1 4.956026 -0.061008 -0.105124 0.327107 55.639761 475.262783 -3.290230 
1 1.959443 -0.018413 -0.125430 0.502877 54.600375 480.980892 -3.285519 
1 -1.515592 -0.002005 0.218572 0.517890 52.005349 471.157257 -3.285519 
1 3.724494 -0.086334 -0.054257 0.426164 58.048174 482.474472 -3.285519 
1 -0.933148 -0.037029 -0.156502 0.616103 57.777253 488.967941 -3.285519 
1 -1.639710 -0.017096 0.016723 0.443540 61.769329 479.943261 -3.285519 
1 -4.662581 -0.017523 0.134281 0.518087 57.750939 442.069603 -3.285519 
1 2.152298 -0.062211 -0.033599 0.407572 49.192383 461.036974 -3.285519 
1 2.584993 -0.027801 -0.113470 0.377583 49.808056 485.979281 -3.285519 
1 2.778511 -0.028726 -0.094562 0.321025 48.959806 474.752029 -3.285519 
1 -1.363523 -0.006208 -0.024564 0.637178 48.355123 493.293166 -3.285519 
1 0.443074 -0.050524 -0.060137 0.341506 46.298485 469.569575 -3.271960 
1 3.104385 -0.002164 0.069381 0.492292 51.710981 484.689955 -3.271960 
1 1.102030 0.019120 -0.034047 0.441084 57.854148 491.987958 -3.271960 
1 2.225889 -0.047692 -0.111120 0.508050 55.745967 492.931650 -3.271960 
1 0.879786 -0.021927 -0.142334 0.487587 50.703796 479.241215 -3.271960 
1 2.549063 -0.027313 0.034741 0.641353 55.570658 488.525147 -3.271960 
1 -2.966909 -0.058686 0.005231 0.257382 53.447915 442.761368 -3.271960 
1 3.366322 -0.024961 -0.065180 0.265031 49.859834 467.904207 -3.271960 
1 -2.669620 -0.026307 -0.045682 0.248484 43.979282 469.883917 -3.271960 
1 1.388381 -0.052808 -0.055471 0.737359 56.006685 476.782503 -3.271960 
1 -5.139433 -0.038239 -0.054300 0.355431 45.062663 447.700443 -3.264097 
1 2.483870 -0.035012 0.050885 0.641257 51.924039 491.142177 -3.264097 
1 1.803036 -0.055412 -0.041352 0.664745 56.946705 485.242467 -3.264097 
1 -2.413277 -0.050659 -0.129724 0.586731 59.865074 497.024667 -3.264097 
1 3.804759 -0.019894 -0.156426 0.228250 51.189022 489.395107 -3.264097 
1 2.670300 -0.022599 0.159100 0.684005 55.585055 485.590884 -3.264097 
1 3.316742 -0.016546 -0.011490 0.346644 50.706923 470.419201 -3.264097 
1 -2.947812 -0.019388 -0.044713 0.421478 46.251427 454.999285 -3.264097 
1 0.699095 -0.008385 0.128511 0.658988 59.121871 475.002072 -3.264097 
1 -0.400796 -0.051796 -0.072022 0.747035 54.149565 497.130222 -3.264097 
1 3.779763 -0.027102 -0.056459 0.232276 51.817008 478.384778 -3.241576 
1 1.297876 -0.043222 0.054601 0.738978 52.115847 458.430978 -3.241576 
1 -0.285379 -0.015632 -0.088411 0.448764 59.032404 498.036679 -3.241576 
1 -3.282348 -0.075003 -0.110992 0.459757 62.203962 498.053118 -3.241576 
1 2.039323 -0.027226 -0.172517 0.376547 51.965072 479.409122 -3.241576 
1 1.613329 -0.032902 -0.086698 0.621608 55.766457 482.496777 -3.241576 
1 4.175274 -0.028720 -0.054829 0.348666 50.653575 480.426207 -3.241576 
1 2.630365 -0.018935 0.037035 0.393841 49.672917 478.377795 -3.241576 
1 1.828465 -0.004503 0.002380 0.612686 56.416956 472.189280 -3.241576 
1 1.441045 -0.056290 -0.079778 0.716392 55.194301 474.087320 -3.241576 
1 3.522133 -0.024715 -0.086681 0.342198 52.864570 497.108671 -3.216140 
1 1.849683 -0.050976 0.133998 0.663213 49.470215 466.259684 -3.216140 
1 2.571535 -0.071448 -0.142136 0.437205 50.478968 486.793253 -3.216140 
1 -0.906467 0.013179 -0.180578 0.477935 56.348323 484.208486 -3.216140 
1 -1.601131 -0.014408 -0.148236 0.518695 59.598547 485.245731 -3.216140 
1 1.185024 -0.041130 -0.062250 0.663668 53.706348 493.389495 -3.216140 
1 3.931330 -0.034469 -0.086633 0.403471 55.654760 487.366819 -3.216140 
1 0.017026 -0.019880 0.021282 0.522300 48.808116 457.131757 -3.216140 
1 2.031641 -0.035608 -0.193813 0.210200 52.048700 493.526026 -3.216140 
1 1.956022 -0.078785 -0.128893 0.625401 52.295188 475.838166 -3.216140 
1 -2.506042 -0.004342 0.009631 0.561545 61.522976 488.986372 -3.160251 
1 0.746284 0.020573 -0.134277 0.118001 55.047137 485.474884 -3.160251 
1 2.459098 -0.056188 -0.138928 0.453660 50.805297 483.353942 -3.160251 
1 4.483087 -0.060717 -0.004898 0.413759 51.256040 475.303471 -3.160251 
1 1.948257 -0.020830 -0.136813 0.417894 55.612530 472.555004 -3.160251 
1 4.627815 -0.043739 -0.040276 0.423040 52.454499 481.059302 -3.160251 
1 3.850621 -0.059512 -0.091955 0.342092 54.491230 463.150690 -3.160251 
1 3.101445 0.000767 -0.106131 0.361408 54.634111 475.825881 -3.160251 
1 4.832774 -0.034667 -0.138744 0.172863 55.583119 473.622863 -3.160251 
1 4.457940 -0.034286 -0.123697 0.296705 55.424938 490.773885 -3.160251 
1 -1.875065 -0.011913 0.067238 0.579755 61.693901 480.093985 -3.130720 
1 3.812323 -0.052400 -0.168026 0.277761 55.346887 493.671647 -3.130720 
1 3.364697 -0.059624 -0.156109 0.393057 52.382165 478.497467 -3.130720 
1 -2.601760 0.009883 -0.110713 0.083991 52.009010 449.408680 -3.130720 
1 3.677377 0.014257 -0.149542 0.245251 56.231568 488.182238 -3.130720 
1 0.625379 -0.051922 -0.057306 0.273342 59.523136 458.684621 -3.130720 
1 -1.694471 0.002032 -0.032814 0.450110 49.015436 453.230277 -3.130720 
1 4.154757 -0.008199 -0.115040 0.323862 53.053399 482.527281 -3.130720 
1 1.275031 -0.038813 -0.212658 0.318458 52.961043 474.699593 -3.130720 
1 4.197888 -0.031985 -0.121550 0.341236 55.252655 488.943970 -3.130720 
1 0.048931 -0.020487 0.090652 0.634816 60.133818 477.261405 -3.100702 
1 1.321421 0.008538 -0.129987 0.406462 51.554461 476.847469 -3.100702 
1 2.168319 -0.007469 -0.065522 0.204562 48.863414 477.527469 -3.100702 
1 1.607249 -0.019581 -0.054650 0.651797 52.296760 482.374043 -3.100702 
1 2.864664 0.005182 -0.010424 0.341713 53.299188 467.776595 -3.100702 
1 3.190197 -0.012753 -0.102871 0.253618 58.262950 476.974575 -3.100702 
1 -1.060851 -0.008502 0.012256 0.503718 49.522662 451.453526 -3.100702 
1 4.114579 -0.009395 -0.109491 0.276482 52.007216 492.670600 -3.100702 
1 0.965855 -0.041289 -0.168556 0.383000 49.403701 490.066885 -3.100702 
1 0.289113 -0.025321 0.049857 0.373961 51.677014 455.009074 -3.100702 
1 -2.687189 0.012515 -0.192038 0.612795 54.513830 475.446672 -3.079666 
1 3.419328 -0.029851 -0.091564 0.190888 56.739179 467.291048 -3.079666 
1 -2.701665 -0.030183 -0.169407 0.831992 54.484763 472.615372 -3.079666 
1 1.807460 -0.047088 -0.040970 0.452433 57.642261 461.412229 -3.079666 
1 -0.612394 -0.085121 -0.146151 0.839407 53.688684 484.524776 -3.079666 
1 0.354812 -0.015350 -0.139449 0.391307 51.107708 465.463181 -3.079666 
1 -0.174648 -0.021560 -0.046009 0.442991 48.132097 460.578024 -3.079666 
1 3.172206 -0.024093 -0.067976 0.379676 50.649070 492.194083 -3.079666 
1 4.541202 -0.061474 0.008288 0.450901 54.124985 470.673150 -3.079666 
1 1.059443 -0.036664 -0.198855 0.235965 49.804665 477.526911 -3.079666 
1 5.375767 -0.049040 -0.085486 0.275777 53.522907 475.157381 -3.027132 
1 3.626525 -0.018939 -0.081964 0.276122 53.328242 464.394228 -3.027132 
1 2.909115 0.009507 -0.170114 0.250202 52.355528 480.700528 -3.027132 
1 -3.402261 -0.013040 -0.128066 0.927800 54.229335 472.289454 -3.027132 
1 2.680140 -0.064068 -0.031426 0.675775 52.555279 470.781916 -3.027132 
1 0.195757 -0.015572 -0.138515 0.298575 47.282578 477.620905 -3.027132 
1 1.996730 -0.020943 0.148271 0.858270 52.080341 474.987710 -3.027132 
1 4.635578 -0.014714 -0.113641 0.279096 53.114014 490.052390 -3.027132 
1 4.474951 -0.062724 -0.010988 0.479169 53.124541 470.513101 -3.027132 
1 3.797009 -0.037377 -0.051476 0.339809 51.826328 465.295762 -3.027132 
1 5.266316 -0.014934 -0.139316 0.191256 54.999395 481.144080 -2.990575 
1 2.985909 -0.006901 -0.056128 0.431093 55.101080 471.402408 -2.990575 
1 0.834106 -0.011616 -0.078443 0.574538 55.942307 493.960205 -2.990575 
1 3.881745 -0.024702 -0.190785 0.188822 54.681452 480.830007 -2.990575 
1 3.484562 -0.057971 0.015292 0.582047 53.910649 465.665133 -2.990575 
1 0.410551 -0.037614 0.164316 0.740201 59.211445 487.018860 -2.990575 
1 0.409908 -0.006561 0.163587 0.982916 55.904649 469.780819 -2.990575 
1 3.840916 -0.044623 -0.161606 0.221044 54.684616 468.480000 -2.990575 
1 -1.147994 -0.009283 -0.019706 0.883942 53.599681 488.419569 -2.990575 
1 -0.819612 0.011875 -0.076515 0.700666 56.638159 481.896066 -2.990575 
1 3.791370 -0.029162 0.008046 0.354775 52.201130 472.730714 -2.980151 
1 1.489807 -0.073620 -0.062459 0.420210 48.854080 459.718626 -2.980151 
1 0.670152 -0.031835 -0.008267 0.716719 50.564924 464.739300 -2.980151 
1 -3.085880 -0.025207 -0.249425 0.389533 60.026585 481.300021 -2.980151 
1 4.153413 -0.041124 -0.166819 0.249690 54.107131 491.793523 -2.980151 
1 3.517237 -0.027496 0.082635 0.598198 54.502390 484.260754 -2.980151 
1 0.199439 -0.021197 -0.141084 0.524792 50.221797 485.639901 -2.980151 
1 -0.189720 -0.021924 -0.211035 0.226905 48.748095 486.197543 -2.980151 
1 -7.460284 -0.018767 -0.022359 0.227393 42.635825 484.537058 -2.980151 
1 1.766649 -0.011439 0.014384 0.605260 51.129189 465.689212 -2.980151 
1 -1.095643 -0.063576 -0.157280 0.648694 51.750686 498.623946 -2.955009 
1 2.766457 -0.059236 -0.061437 0.424035 53.339037 458.476660 -2.955009 
1 2.551795 -0.025195 -0.075216 0.175401 54.155107 467.543296 -2.955009 
1 0.424934 -0.033696 -0.005530 0.328904 59.339218 466.669950 -2.955009 
1 3.582804 -0.040051 -0.175043 0.296158 54.342665 494.149107 -2.955009 
1 3.485153 -0.031101 -0.040742 0.277365 55.583356 483.708961 -2.955009 
1 -0.649531 -0.021237 -0.028995 0.774748 50.308357 464.958633 -2.955009 
1 0.937667 -0.040616 0.033882 0.814224 51.249649 465.203755 -2.955009 
1 1.725888 -0.019715 -0.119213 0.220270 58.761543 463.631710 -2.955009 
1 -0.459686 -0.051712 -0.234997 0.376480 49.968558 484.826936 -2.955009 
1 -1.019695 -0.035580 -0.147820 0.609814 58.300584 488.217528 -2.910186 
1 2.799155 0.003075 -0.064213 0.233783 56.348260 473.047996 -2.910186 
1 3.462749 -0.040672 -0.103245 0.247307 54.247982 459.685419 -2.910186 
1 3.961767 -0.044926 -0.008234 0.365862 55.538830 470.256797 -2.910186 
1 3.878837 -0.082763 -0.166527 0.312637 52.157736 484.935121 -2.910186 
1 -2.089351 -0.048675 -0.169000 0.422241 61.662446 476.054670 -2.910186 
1 2.527477 0.004506 -0.010975 0.348200 49.976042 489.882544 -2.910186 
1 1.933614 -0.014911 0.061464 0.616130 50.704974 490.838403 -2.910186 
1 2.611265 -0.035461 -0.019702 0.342921 54.094607 498.053283 -2.910186 
1 4.750543 -0.044386 -0.153955 0.199491 54.757162 474.449278 -2.910186 
1 -1.455536 -0.048945 -0.229191 0.491307 58.730781 479.777569 -2.879369 
1 -5.869571 -0.060348 -0.080338 0.422932 42.604805 478.776071 -2.879369 
1 2.543469 -0.036079 -0.093690 0.200397 57.438002 459.768386 -2.879369 
1 2.617289 -0.031102 -0.081720 0.366075 48.977910 475.394461 -2.879369 
1 2.748237 0.006010 0.042411 0.456716 51.667016 490.548125 -2.879369 
1 2.390124 -0.038624 -0.146516 0.360252 49.938556 484.213264 -2.879369 
1 3.867336 -0.048425 -0.019444 0.348905 56.640595 475.452764 -2.879369 
1 2.179007 0.002444 -0.023911 0.263516 54.858900 480.498624 -2.879369 
1 -2.444719 -0.050164 -0.034865 0.561034 62.284069 484.876953 -2.879369 
1 3.869836 -0.036226 -0.055675 0.252702 50.999052 481.973681 -2.879369 
1 1.208634 0.011669 0.021401 0.426982 57.620796 468.657748 -2.824440 
1 3.014493 -0.058398 -0.147139 0.261083 49.918633 485.305753 -2.824440 
1 3.853717 -0.050533 0.000811 0.545280 52.076479 472.546351 -2.824440 
1 0.763674 -0.070552 0.023222 0.357425 59.051287 479.024912 -2.824440 
1 0.384475 -0.032028 -0.143576 0.599441 51.568412 481.021546 -2.824440 
1 4.239254 -0.050244 -0.131582 0.291696 51.284182 486.652197 -2.824440 
1 0.931570 -0.033365 -0.235964 0.354343 53.444002 493.037412 -2.824440 
1 1.816996 -0.037468 -0.079607 0.379844 59.634803 479.442666 -2.824440 
1 3.719358 0.000977 -0.152214 0.155105 50.631487 471.760162 -2.824440 
1 3.855907 -0.041545 -0.064201 0.249387 50.754831 482.863786 -2.824440 
1 0.968107 -0.034502 -0.083386 0.686879 55.896196 481.169528 -2.747049 
1 1.232196 -0.050161 -0.138265 0.357063 49.077735 495.539329 -2.747049 
1 3.416588 -0.053154 -0.008838 0.606004 52.852443 470.987016 -2.747049 
1 -0.548569 -0.012239 0.095215 0.605394 55.953177 450.205770 -2.747049 
1 4.762914 -0.033913 -0.113532 0.252253 56.588980 477.678512 -2.747049 
1 3.541961 -0.054900 -0.123955 0.205494 51.706866 483.350178 -2.747049 
1 3.700954 -0.026697 -0.165993 0.171549 58.130977 478.624506 -2.747049 
1 1.025870 -0.034494 -0.022423 0.767339 55.864155 471.487460 -2.747049 
1 2.293087 -0.012290 -0.108831 0.159537 51.209839 456.975356 -2.747049 
1 4.878313 -0.038087 -0.107106 0.236612 51.773540 472.027937 -2.747049 
1 0.610873 -0.042303 -0.117464 0.618719 57.361285 482.388028 -2.658747 
1 4.738155 -0.035741 -0.065731 0.289693 51.553176 482.597345 -2.658747 
1 4.670347 -0.081132 -0.061769 0.371023 55.165573 466.527995 -2.658747 
1 4.202777 -0.076303 -0.113576 0.322960 50.513738 478.967016 -2.658747 
1 4.840207 -0.044823 -0.059089 0.292147 55.208934 475.127210 -2.658747 
1 4.758668 0.005884 -0.148115 0.143793 56.354494 478.301567 -2.658747 
1 2.178272 -0.046064 -0.170173 0.276669 55.806455 465.107358 -2.658747 
1 3.237681 0.016200 -0.141830 0.273691 55.616085 482.019710 -2.658747 
1 0.148225 0.000518 -0.069219 0.483699 48.488733 472.970042 -2.658747 
1 0.988972 -0.077307 -0.078088 0.758723 56.932629 475.319324 -2.658747 
1 2.827309 -0.060620 -0.037868 0.573928 50.603156 472.209725 -2.564339 
1 3.961018 0.014111 -0.121791 0.247543 56.149267 484.801993 -2.564339 
1 3.515682 -0.052942 -0.077585 0.272821 57.309928 464.805184 -2.564339 
1 4.754484 -0.066683 -0.057165 0.345329 51.124928 473.995223 -2.564339 
1 2.506588 -0.044053 -0.005766 0.338226 57.170672 486.030360 -2.564339 
1 5.189662 -0.061206 -0.083687 0.280898 52.296543 480.061522 -2.564339 
1 4.066923 -0.045468 -0.152596 0.183189 53.701732 467.906290 -2.564339 
1 2.242605 -0.002704 -0.145290 0.398570 54.322709 490.562193 -2.564339 
1 2.508896 -0.007253 -0.066400 0.371962 50.412292 469.227218 -2.564339 
1 1.265951 -0.067496 -0.142212 0.570763 57.536504 483.137317 -2.564339 
1 4.216510 -0.085393 -0.102381 0.246252 55.217982 482.932996 -2.443584 
1 4.812914 -0.069931 -0.131385 0.349748 55.112413 480.945379 -2.443584 
1 5.162390 -0.041250 -0.109820 0.241136 54.156452 471.058204 -2.443584 
1 4.240268 -0.045535 -0.156712 0.320952 53.896979 487.366239 -2.443584 
1 2.216353 -0.042317 -0.066529 0.243254 57.591091 484.702626 -2.443584 
1 3.967884 -0.042343 -0.027330 0.451958 50.947500 478.128124 -2.443584 
1 5.019901 -0.042203 -0.140498 0.207308 54.660988 472.641291 -2.443584 
1 3.161588 -0.026337 -0.129269 0.371403 53.112151 473.460780 -2.443584 
1 2.463780 -0.044079 0.123055 0.793975 51.343790 478.941298 -2.443584 
1 3.968225 -0.074439 -0.035389 0.380826 49.941846 483.314792 -2.443584 
1 0.090340 0.025578 -0.016323 0.259472 52.881216 462.326714 -2.359672 
1 4.450367 -0.026697 -0.085646 0.231041 54.526875 467.472678 -2.359672 
1 3.641852 -0.042218 0.086470 0.590946 53.806262 469.696822 -2.359672 
1 2.880491 -0.054617 -0.143300 0.402915 54.717757 496.754475 -2.359672 
1 2.831952 -0.003822 0.067336 0.486383 51.236455 487.223374 -2.359672 
1 2.518467 -0.030883 0.102230 0.713748 51.582948 485.725005 -2.359672 
1 3.640285 -0.056195 0.016106 0.587182 55.527493 485.360083 -2.359672 
1 2.377474 -0.047549 0.003517 0.575469 49.828523 468.981202 -2.359672 
1 1.467978 -0.042017 0.032668 0.817473 51.384846 477.254677 -2.359672 
1 4.784625 -0.058676 -0.056868 0.302287 54.025409 485.819207 -2.359672 
1 4.019737 0.008792 -0.193777 0.155973 53.547374 485.749324 -2.284003 
1 2.715660 -0.010510 -0.083436 0.464554 51.698853 480.724795 -2.284003 
1 2.737989 -0.010984 -0.119827 0.186434 53.587443 494.295588 -2.284003 
1 3.898448 -0.032693 -0.088920 0.324150 55.141217 494.959667 -2.284003 
1 3.176182 -0.078082 -0.029953 0.344404 57.697910 485.555836 -2.284003 
1 3.507497 -0.017228 0.056674 0.504250 52.145145 485.521108 -2.284003 
1 -0.226297 0.031139 -0.103688 0.115472 53.033482 468.419190 -2.284003 
1 -2.147538 -0.048664 -0.093524 0.919811 57.124456 472.586471 -2.284003 
1 0.982042 -0.051669 -0.035513 0.804646 53.264855 484.995198 -2.284003 
1 5.453369 -0.062223 -0.082899 0.314120 54.011597 476.946285 -2.284003 
1 4.966198 -0.070222 -0.110135 0.263440 55.495137 469.505349 -2.195673 
1 4.665879 -0.035597 -0.042620 0.408462 53.875602 478.441932 -2.195673 
1 3.103930 -0.014701 -0.122352 0.290264 57.459666 492.896128 -2.195673 
1 1.869045 -0.017410 -0.059055 0.428886 50.761533 498.333189 -2.195673 
1 2.459718 -0.059121 -0.036546 0.319254 53.158017 498.779529 -2.195673 
1 3.537059 -0.020320 -0.017536 0.403242 54.392252 467.510379 -2.195673 
1 4.200299 0.031047 -0.189928 0.097759 55.796364 477.293362 -2.195673 
1 -0.673207 0.027837 0.041655 0.707169 50.110933 461.609638 -2.195673 
1 3.368540 -0.032490 -0.068049 0.514807 53.248508 479.263808 -2.195673 
1 5.373975 -0.053465 -0.109899 0.244137 54.160808 473.829118 -2.195673 
1 4.771765 -0.032070 -0.107867 0.186050 54.762557 468.720420 -2.082878 
1 4.316878 -0.046853 -0.027080 0.324024 54.954296 483.259406 -2.082878 
1 2.774808 -0.015654 -0.119081 0.259279 58.651194 488.756886 -2.082878 
1 3.262790 -0.014084 0.101028 0.526380 52.208147 480.186530 -2.082878 
1 4.253491 -0.037096 -0.058360 0.246982 51.839486 479.142386 -2.082878 
1 2.320630 -0.049816 -0.117905 0.342182 49.677446 494.520440 -2.082878 
1 3.875272 0.035528 -0.183749 0.053114 55.188180 470.903632 -2.082878 
1 1.529949 0.012655 0.060579 0.662613 50.835530 469.751554 -2.082878 
1 3.274393 -0.035483 0.027741 0.504277 52.117515 465.477703 -2.082878 
1 2.876329 -0.029307 0.096286 0.666276 56.244558 481.727790 -2.082878 
1 4.573460 -0.034796 -0.122376 0.158858 53.993295 468.523567 -1.955478 
1 2.886810 -0.020857 -0.113069 0.210757 58.050489 466.176981 -1.955478 
1 3.433884 -0.005016 -0.125863 0.227796 57.986772 486.864508 -1.955478 
1 4.134783 -0.034117 -0.123914 0.299174 51.659579 474.427228 -1.955478 
1 4.824444 -0.049903 -0.057701 0.373631 52.895078 472.881836 -1.955478 
1 3.385357 -0.084512 -0.085838 0.461447 51.067824 491.169315 -1.955478 
1 3.175216 -0.014760 -0.134178 0.312494 50.636732 488.537737 -1.955478 
1 4.145162 -0.017157 -0.149284 0.294054 53.953395 481.987242 -1.955478 
1 1.216833 -0.028891 0.022797 0.526910 48.514188 465.394595 -1.955478 
1 1.058268 -0.034930 -0.009737 0.630624 52.897636 499.268304 -1.955478 
1 4.766357 -0.040042 -0.108852 0.197701 53.401706 466.318528 -1.850063 
1 2.320628 -0.072449 -0.041598 0.485903 48.461104 473.376976 -1.850063 
1 4.317231 -0.023903 -0.111730 0.252296 51.502054 490.016012 -1.850063 
1 3.975101 -0.053747 -0.102421 0.245830 51.231459 464.184058 -1.850063 
1 2.253149 -0.053135 -0.090122 0.472640 57.228520 467.345379 -1.850063 
1 4.783418 -0.072818 -0.025406 0.481965 54.519354 482.707262 -1.850063 
1 2.890820 -0.029571 -0.129037 0.403609 51.637231 478.530794 -1.850063 
1 0.214199 -0.019706 -0.151125 0.238683 46.874724 482.968943 -1.850063 
1 3.239011 -0.005570 -0.097076 0.361023 55.731753 492.572007 -1.850063 
1 0.963306 -0.034020 -0.050660 0.550047 57.385789 496.374868 -1.850063 
1 5.133524 -0.051131 -0.116212 0.304686 53.276787 477.461789 -1.681967 
1 2.373707 -0.012892 -0.038602 0.487953 49.919547 478.854933 -1.681967 
1 3.815977 -0.045050 -0.104624 0.436520 53.547476 476.495309 -1.681967 
1 4.701368 -0.055786 -0.114274 0.226915 53.967646 465.452538 -1.681967 
1 5.048805 -0.013159 -0.155988 0.205120 54.675402 480.960579 -1.681967 
1 3.973048 -0.048336 -0.041962 0.457295 56.283632 476.052888 -1.681967 
1 0.338472 0.015062 -0.013268 0.332545 47.706591 467.766164 -1.681967 
1 4.434009 -0.019388 -0.092264 0.297768 56.112682 484.419991 -1.681967 
1 4.842564 -0.068043 -0.132439 0.302116 52.364171 480.037611 -1.681967 
1 2.039337 -0.036150 -0.026445 0.571954 55.614515 495.242922 -1.681967 
