#REFERENCE 3 318.8635275 -0.6380758
1	-1.687500	-2.170080	-0.372958	-0.497990	
1	-1.697226	-2.162109	-0.372775	-0.497755	
2	-1.740234	-2.125656	-0.371817	-0.496562	
2	-1.697226	-2.162109	-0.372775	-0.497755	
3	-1.740234	-2.125656	-0.371817	-0.496562	
3	-1.758316	-2.109375	-0.371169	-0.495779	
4	-1.898438	-1.964087	-0.361760	-0.485458	
4	-1.909288	-1.951172	-0.360626	-0.484302	
5	-1.909288	-1.951172	-0.360626	-0.484302	
5	-1.951067	-1.898438	-0.355420	-0.479166	
6	-1.792969	-2.076914	-0.369697	-0.494050	
6	-1.813481	-2.056641	-0.368555	-0.492746	
7	-1.845703	-2.023303	-0.366423	-0.490382	
7	-1.813481	-2.056641	-0.368555	-0.492746	
8	-1.845703	-2.023303	-0.366423	-0.490382	
8	-1.863588	-2.003906	-0.365019	-0.488867	
9	-1.792969	-2.076914	-0.369697	-0.494050	
9	-1.758316	-2.109375	-0.371169	-0.495779	
10	-1.898438	-1.964087	-0.361760	-0.485458	
10	-1.863588	-2.003906	-0.365019	-0.488867	
11	-2.003906	-1.824475	-0.346888	-0.471246	
11	-2.024737	-1.792969	-0.342939	-0.467753	
12	-1.951172	-1.898298	-0.355405	-0.479152	
12	-1.989493	-1.845703	-0.349538	-0.473648	
13	-1.951172	-1.898298	-0.355405	-0.479152	
13	-1.951067	-1.898438	-0.355420	-0.479166	
14	-2.003906	-1.824475	-0.346888	-0.471246	
14	-1.989493	-1.845703	-0.349538	-0.473648	
15	-2.056641	-1.740786	-0.335677	-0.461570	
15	-2.056971	-1.740234	-0.335601	-0.461507	
16	-2.056641	-1.740786	-0.335677	-0.461570	
16	-2.024737	-1.792969	-0.342939	-0.467753	
17	-2.056971	-1.740234	-0.335601	-0.461507	
17	-2.086810	-1.687500	-0.327787	-0.455165	
18	-0.843750	-2.510055	-0.334893	-0.412701	
18	-0.791016	-2.514488	-0.331574	-0.401928	
19	-0.791016	-2.514488	-0.331574	-0.401928	
19	-0.738281	-2.517321	-0.328344	-0.390628	
20	-0.738281	-2.517321	-0.328344	-0.390628	
20	-0.685547	-2.518597	-0.325231	-0.378828	
21	-0.685547	-2.518597	-0.325231	-0.378828	
21	-0.632812	-2.518347	-0.322258	-0.366547	
22	-0.632812	-2.518347	-0.322258	-0.366547	
22	-0.580078	-2.516590	-0.319449	-0.353801	
23	-0.580078	-2.516590	-0.319449	-0.353801	
23	-0.527344	-2.513341	-0.316823	-0.340601	
24	-0.527344	-2.513341	-0.316823	-0.340601	
24	-0.474609	-2.508603	-0.314400	-0.326951	
25	-0.474609	-2.508603	-0.314400	-0.326951	
25	-0.421875	-2.502369	-0.312199	-0.312850	
26	-0.421875	-2.502369	-0.312199	-0.312850	
26	-0.369141	-2.494627	-0.310239	-0.298291	
27	-0.369141	-2.494627	-0.310239	-0.298291	
27	-0.316406	-2.485353	-0.308541	-0.283263	
28	-0.316406	-2.485353	-0.308541	-0.283263	
28	-0.283054	-2.478516	-0.307598	-0.273344	
29	-0.263672	-2.474692	-0.307142	-0.267924	
29	-0.210938	-2.462799	-0.306064	-0.252448	
30	-0.283054	-2.478516	-0.307598	-0.273344	
30	-0.263672	-2.474692	-0.307142	-0.267924	
31	-0.158203	-2.449329	-0.305302	-0.236511	
31	-0.105469	-2.434228	-0.304882	-0.220084	
32	-0.210938	-2.462799	-0.306064	-0.252448	
32	-0.158203	-2.449329	-0.305302	-0.236511	
33	-0.105469	-2.434228	-0.304882	-0.220084	
33	-0.078766	-2.425781	-0.304808	-0.211412	
34	-0.078766	-2.425781	-0.304808	-0.211412	
34	-0.052734	-2.417800	-0.304830	-0.203504	
35	-0.052734	-2.417800	-0.304830	-0.203504	
35	0.000000	-2.400052	-0.305156	-0.186808	
36	-1.318359	-2.390399	-0.363989	-0.483045	
36	-1.357382	-2.373047	-0.365769	-0.486267	
37	-1.318359	-2.390399	-0.363989	-0.483045	
37	-1.265625	-2.411510	-0.361208	-0.477781	
38	-1.371094	-2.366924	-0.366477	-0.487516	
38	-1.357382	-2.373047	-0.365769	-0.486267	
39	-1.423828	-2.341239	-0.368741	-0.491382	
39	-1.371094	-2.366924	-0.366477	-0.487516	
40	-1.423828	-2.341239	-0.368741	-0.491382	
40	-1.462805	-2.320312	-0.370047	-0.493515	
41	-1.476562	-2.312838	-0.370570	-0.494350	
41	-1.462805	-2.320312	-0.370047	-0.493515	
42	-1.582031	-2.247890	-0.372975	-0.497985	
42	-1.628981	-2.214844	-0.373250	-0.498371	
43	-1.529297	-2.281842	-0.372029	-0.496600	
43	-1.551707	-2.267578	-0.372401	-0.497153	
44	-1.529297	-2.281842	-0.372029	-0.496600	
44	-1.476562	-2.312838	-0.370570	-0.494350	
45	-1.582031	-2.247890	-0.372975	-0.497985	
45	-1.551707	-2.267578	-0.372401	-0.497153	
46	-1.687500	-2.170080	-0.372958	-0.497990	
46	-1.634766	-2.210668	-0.373287	-0.498421	
47	-1.634766	-2.210668	-0.373287	-0.498421	
47	-1.628981	-2.214844	-0.373250	-0.498371	
48	-1.212891	-2.430388	-0.358191	-0.471759	
48	-1.160156	-2.447452	-0.355106	-0.465263	
49	-1.212891	-2.430388	-0.358191	-0.471759	
49	-1.225728	-2.425781	-0.358860	-0.473124	
50	-1.107422	-2.462388	-0.351837	-0.457988	
50	-1.054688	-2.475312	-0.348439	-0.449983	
51	-1.160156	-2.447452	-0.355106	-0.465263	
51	-1.107422	-2.462388	-0.351837	-0.457988	
52	-1.265625	-2.411510	-0.361208	-0.477781	
52	-1.225728	-2.425781	-0.358860	-0.473124	
53	-1.001953	-2.486620	-0.345064	-0.441547	
53	-1.039578	-2.478516	-0.347400	-0.447438	
54	-1.001953	-2.486620	-0.345064	-0.441547	
54	-0.949219	-2.496186	-0.341675	-0.432546	
55	-1.054688	-2.475312	-0.348439	-0.449983	
55	-1.039578	-2.478516	-0.347400	-0.447438	
56	-0.949219	-2.496186	-0.341675	-0.432546	
56	-0.896484	-2.503975	-0.338272	-0.422918	
57	-0.896484	-2.503975	-0.338272	-0.422918	
57	-0.843750	-2.510055	-0.334893	-0.412701	
58	-2.109375	-1.643774	-0.320665	-0.449630	
58	-2.113963	-1.634766	-0.319237	-0.448545	
59	-2.113963	-1.634766	-0.319237	-0.448545	
59	-2.139039	-1.582031	-0.310258	-0.441911	
60	-2.139039	-1.582031	-0.310258	-0.441911	
60	-2.161677	-1.529297	-0.300550	-0.435068	
61	-2.162109	-1.528212	-0.300337	-0.434921	
61	-2.161677	-1.529297	-0.300550	-0.435068	
62	-2.162109	-1.528212	-0.300337	-0.434921	
62	-2.182631	-1.476562	-0.290561	-0.428350	
63	-2.214844	-1.382005	-0.271007	-0.416048	
63	-2.218355	-1.371094	-0.268778	-0.414712	
64	-2.182631	-1.476562	-0.290561	-0.428350	
64	-2.201448	-1.423828	-0.279934	-0.421532	
65	-2.214844	-1.382005	-0.271007	-0.416048	
65	-2.201448	-1.423828	-0.279934	-0.421532	
66	-2.218355	-1.371094	-0.268778	-0.414712	
66	-2.233768	-1.318359	-0.257362	-0.408064	
67	-2.233768	-1.318359	-0.257362	-0.408064	
67	-2.247360	-1.265625	-0.245412	-0.401440	
68	-2.109375	-1.643774	-0.320665	-0.449630	
68	-2.086810	-1.687500	-0.327787	-0.455165	
69	-2.247360	-1.265625	-0.245412	-0.401440	
69	-2.259226	-1.212891	-0.232965	-0.394883	
70	-2.267578	-1.169995	-0.222429	-0.389591	
70	-2.259226	-1.212891	-0.232965	-0.394883	
71	-2.267578	-1.169995	-0.222429	-0.389591	
71	-2.269527	-1.160156	-0.220119	-0.388461	
72	-2.269527	-1.160156	-0.220119	-0.388461	
72	-2.278547	-1.107422	-0.207086	-0.382286	
73	-2.278547	-1.107422	-0.207086	-0.382286	
73	-2.286040	-1.054688	-0.193651	-0.376263	
74	-2.286040	-1.054688	-0.193651	-0.376263	
74	-2.292065	-1.001953	-0.179847	-0.370420	
75	-2.292065	-1.001953	-0.179847	-0.370420	
75	-2.296678	-0.949219	-0.165708	-0.364785	
76	-2.296678	-0.949219	-0.165708	-0.364785	
76	-2.299924	-0.896484	-0.151265	-0.359381	
77	-2.299924	-0.896484	-0.151265	-0.359381	
77	-2.301844	-0.843750	-0.136549	-0.354230	
78	-2.301844	-0.843750	-0.136549	-0.354230	
78	-2.302470	-0.791016	-0.121585	-0.349349	
79	-2.302470	-0.791016	-0.121585	-0.349349	
79	-2.301830	-0.738281	-0.106400	-0.344754	
80	-2.301830	-0.738281	-0.106400	-0.344754	
80	-2.299942	-0.685547	-0.091014	-0.340461	
81	-2.299942	-0.685547	-0.091014	-0.340461	
81	-2.296821	-0.632812	-0.075447	-0.336480	
82	-2.296821	-0.632812	-0.075447	-0.336480	
82	-2.292473	-0.580078	-0.059715	-0.332823	
83	-2.292473	-0.580078	-0.059715	-0.332823	
83	-2.286900	-0.527344	-0.043829	-0.329500	
84	-2.286900	-0.527344	-0.043829	-0.329500	
84	-2.280097	-0.474609	-0.027799	-0.326521	
85	-2.280097	-0.474609	-0.027799	-0.326521	
85	-2.272054	-0.421875	-0.011631	-0.323896	
86	-2.272054	-0.421875	-0.011631	-0.323896	
86	-2.267578	-0.396415	-0.003635	-0.322738	
87	-2.267578	-0.396415	-0.003635	-0.322738	
87	-2.262987	-0.369141	0.004443	-0.321663	
88	-2.262987	-0.369141	0.004443	-0.321663	
88	-2.252920	-0.316406	0.020374	-0.319823	
89	-2.252920	-0.316406	0.020374	-0.319823	
89	-2.241616	-0.263672	0.036372	-0.318350	
90	-2.241616	-0.263672	0.036372	-0.318350	
90	-2.229046	-0.210938	0.052437	-0.317256	
91	-2.229046	-0.210938	0.052437	-0.317256	
91	-2.215176	-0.158203	0.068574	-0.316549	
92	-2.215176	-0.158203	0.068574	-0.316549	
92	-2.214844	-0.157037	0.068942	-0.316538	
93	-2.214844	-0.157037	0.068942	-0.316538	
93	-2.200686	-0.105469	0.084068	-0.316248	
94	-2.200686	-0.105469	0.084068	-0.316248	
94	-2.184893	-0.052734	0.099567	-0.316327	
95	-2.184893	-0.052734	0.099567	-0.316327	
95	-2.167738	0.000000	0.115090	-0.316796	
96	0.843750	-1.900561	-0.370389	0.085316	
96	0.846218	-1.898438	-0.370741	0.086010	
97	1.054688	-1.705639	-0.400532	0.136190	
97	1.072658	-1.687500	-0.403089	0.139808	
98	0.846218	-1.898438	-0.370741	0.086010	
98	0.896484	-1.854824	-0.377780	0.099340	
99	0.896484	-1.854824	-0.377780	0.099340	
99	0.906649	-1.845703	-0.379260	0.102015	
100	0.906649	-1.845703	-0.379260	0.102015	
100	0.949219	-1.807108	-0.385340	0.112573	
101	0.949219	-1.807108	-0.385340	0.112573	
101	0.964352	-1.792969	-0.387561	0.116264	
102	0.964352	-1.792969	-0.387561	0.116264	
102	1.001953	-1.757391	-0.392964	0.124894	
103	1.001953	-1.757391	-0.392964	0.124894	
103	1.019610	-1.740234	-0.395537	0.128836	
104	1.019610	-1.740234	-0.395537	0.128836	
104	1.054688	-1.705639	-0.400532	0.136190	
105	0.158203	-2.337444	-0.308597	-0.134984	
105	0.195637	-2.320312	-0.310022	-0.122179	
106	0.105469	-2.359764	-0.307028	-0.152393	
106	0.158203	-2.337444	-0.308597	-0.134984	
107	0.000000	-2.400052	-0.305156	-0.186808	
107	0.052734	-2.380532	-0.305891	-0.169582	
108	0.052734	-2.380532	-0.305891	-0.169582	
108	0.071433	-2.373047	-0.306265	-0.163218	
109	0.071433	-2.373047	-0.306265	-0.163218	
109	0.105469	-2.359764	-0.307028	-0.152393	
110	0.210938	-2.313457	-0.310626	-0.117293	
110	0.263672	-2.288201	-0.313077	-0.099768	
111	0.263672	-2.288201	-0.313077	-0.099768	
111	0.303642	-2.267578	-0.315313	-0.086014	
112	0.303642	-2.267578	-0.315313	-0.086014	
112	0.316406	-2.261103	-0.316034	-0.081911	
113	0.369141	-2.232708	-0.319416	-0.064320	
113	0.400210	-2.214844	-0.321711	-0.053604	
114	0.316406	-2.261103	-0.316034	-0.081911	
114	0.369141	-2.232708	-0.319416	-0.064320	
115	0.400210	-2.214844	-0.321711	-0.053604	
115	0.421875	-2.202540	-0.323306	-0.046609	
116	0.195637	-2.320312	-0.310022	-0.122179	
116	0.210938	-2.313457	-0.310626	-0.117293	
117	0.527344	-2.137482	-0.332470	-0.011719	
117	0.569392	-2.109375	-0.336732	0.002246	
118	0.421875	-2.202540	-0.323306	-0.046609	
118	0.474609	-2.170747	-0.327675	-0.029000	
119	0.474609	-2.170747	-0.327675	-0.029000	
119	0.488223	-2.162109	-0.328921	-0.024326	
120	0.488223	-2.162109	-0.328921	-0.024326	
120	0.527344	-2.137482	-0.332470	-0.011719	
121	0.569392	-2.109375	-0.336732	0.002246	
121	0.580078	-2.102271	-0.337800	0.005575	
122	0.580078	-2.102271	-0.337800	0.005575	
122	0.632812	-2.065516	-0.343532	0.022418	
123	0.632812	-2.065516	-0.343532	0.022418	
123	0.644990	-2.056641	-0.344962	0.026382	
124	0.685547	-2.027110	-0.349655	0.038805	
124	0.715916	-2.003906	-0.353460	0.048284	
125	0.644990	-2.056641	-0.344962	0.026382	
125	0.685547	-2.027110	-0.349655	0.038805	
126	0.738281	-1.986791	-0.356216	0.054855	
126	0.782808	-1.951172	-0.362095	0.068122	
127	0.791016	-1.944579	-0.363160	0.070424	
127	0.843750	-1.900561	-0.370389	0.085316	
128	0.782808	-1.951172	-0.362095	0.068122	
128	0.791016	-1.944579	-0.363160	0.070424	
129	0.715916	-2.003906	-0.353460	0.048284	
129	0.738281	-1.986791	-0.356216	0.054855	
130	1.687500	-0.895242	-0.417768	0.168394	
130	1.718530	-0.843750	-0.410684	0.165294	
131	1.718530	-0.843750	-0.410684	0.165294	
131	1.740234	-0.805857	-0.405307	0.163108	
132	1.740234	-0.805857	-0.405307	0.163108	
132	1.748843	-0.791016	-0.402852	0.162152	
133	1.748843	-0.791016	-0.402852	0.162152	
133	1.778309	-0.738281	-0.393940	0.158890	
134	1.792969	-0.710765	-0.389214	0.157280	
134	1.806618	-0.685547	-0.384266	0.155676	
135	1.806618	-0.685547	-0.384266	0.155676	
135	1.833868	-0.632812	-0.373797	0.152540	
136	1.778309	-0.738281	-0.393940	0.158890	
136	1.792969	-0.710765	-0.389214	0.157280	
137	1.898438	-0.498070	-0.344022	0.145281	
137	1.909263	-0.474609	-0.338129	0.144102	
138	1.909263	-0.474609	-0.338129	0.144102	
138	1.932351	-0.421875	-0.324921	0.141742	
139	1.833868	-0.632812	-0.373797	0.152540	
139	1.845703	-0.608768	-0.368994	0.151211	
140	1.845703	-0.608768	-0.368994	0.151211	
140	1.860097	-0.580078	-0.362546	0.149526	
141	1.860097	-0.580078	-0.362546	0.149526	
141	1.885228	-0.527344	-0.350639	0.146700	
142	1.885228	-0.527344	-0.350639	0.146700	
142	1.898438	-0.498070	-0.344022	0.145281	
143	1.932351	-0.421875	-0.324921	0.141742	
143	1.951172	-0.375963	-0.313394	0.139982	
144	1.951172	-0.375963	-0.313394	0.139982	
144	1.954041	-0.369141	-0.311511	0.139720	
145	1.954041	-0.369141	-0.311511	0.139720	
145	1.975137	-0.316406	-0.297158	0.137951	
146	2.003906	-0.237426	-0.275696	0.136020	
146	2.013424	-0.210938	-0.267908	0.135522	
147	1.975137	-0.316406	-0.297158	0.137951	
147	1.994760	-0.263672	-0.282777	0.136565	
148	1.994760	-0.263672	-0.282777	0.136565	
148	2.003906	-0.237426	-0.275696	0.136020	
149	2.013424	-0.210938	-0.267908	0.135522	
149	2.031128	-0.158203	-0.252595	0.134843	
150	2.031128	-0.158203	-0.252595	0.134843	
150	2.047458	-0.105469	-0.237296	0.134553	
151	2.047458	-0.105469	-0.237296	0.134553	
151	2.056641	-0.073374	-0.228092	0.134560	
152	2.056641	-0.073374	-0.228092	0.134560	
152	2.062757	-0.052734	-0.221708	0.134643	
153	2.062757	-0.052734	-0.221708	0.134643	
153	2.077180	0.000000	-0.205715	0.135130	
154	1.072658	-1.687500	-0.403089	0.139808	
154	1.107422	-1.651808	-0.407907	0.146360	
155	1.107422	-1.651808	-0.407907	0.146360	
155	1.123692	-1.634766	-0.410123	0.149258	
156	1.123692	-1.634766	-0.410123	0.149258	
156	1.160156	-1.595836	-0.414937	0.155310	
157	1.160156	-1.595836	-0.414937	0.155310	
157	1.172870	-1.582031	-0.416552	0.157265	
158	1.172870	-1.582031	-0.416552	0.157265	
158	1.212891	-1.537651	-0.421450	0.162959	
159	1.212891	-1.537651	-0.421450	0.162959	
159	1.220320	-1.529297	-0.422303	0.163915	
160	1.220320	-1.529297	-0.422303	0.163915	
160	1.265625	-1.477162	-0.427258	0.169244	
161	1.265625	-1.477162	-0.427258	0.169244	
161	1.266140	-1.476562	-0.427309	0.169297	
162	1.266140	-1.476562	-0.427309	0.169297	
162	1.310681	-1.423828	-0.431380	0.173371	
163	1.318359	-1.414499	-0.432035	0.174000	
163	1.353817	-1.371094	-0.434548	0.176331	
164	1.310681	-1.423828	-0.431380	0.173371	
164	1.318359	-1.414499	-0.432035	0.174000	
165	1.371094	-1.349336	-0.435654	0.177311	
165	1.395569	-1.318359	-0.436795	0.178291	
166	1.423828	-1.281492	-0.437885	0.179186	
166	1.435958	-1.265625	-0.438108	0.179363	
167	1.395569	-1.318359	-0.436795	0.178291	
167	1.423828	-1.281492	-0.437885	0.179186	
168	1.353817	-1.371094	-0.434548	0.176331	
168	1.371094	-1.349336	-0.435654	0.177311	
169	1.435958	-1.265625	-0.438108	0.179363	
169	1.475051	-1.212891	-0.438454	0.179631	
170	1.475051	-1.212891	-0.438454	0.179631	
170	1.476562	-1.210806	-0.438452	0.179630	
171	1.476562	-1.210806	-0.438452	0.179630	
171	1.513317	-1.160156	-0.437523	0.178989	
172	1.582031	-1.060396	-0.433259	0.176341	
172	1.585904	-1.054688	-0.432856	0.176106	
173	1.513317	-1.160156	-0.437523	0.178989	
173	1.529297	-1.137322	-0.436952	0.178613	
174	1.529297	-1.137322	-0.436952	0.178613	
174	1.550277	-1.107422	-0.435639	0.177776	
175	1.550277	-1.107422	-0.435639	0.177776	
175	1.582031	-1.060396	-0.433259	0.176341	
176	1.585904	-1.054688	-0.432856	0.176106	
176	1.620768	-1.001953	-0.428771	0.173828	
177	1.634766	-0.979937	-0.426942	0.172862	
177	1.654447	-0.949219	-0.423725	0.171228	
178	1.620768	-1.001953	-0.428771	0.173828	
178	1.634766	-0.979937	-0.426942	0.172862	
179	1.654447	-0.949219	-0.423725	0.171228	
179	1.686759	-0.896484	-0.417910	0.168460	
180	1.686759	-0.896484	-0.417910	0.168460	
180	1.687500	-0.895242	-0.417768	0.168394	
181	2.077180	0.000000	-0.205715	0.135130	
181	2.090298	0.052734	-0.189779	0.136004	
182	2.090298	0.052734	-0.189779	0.136004	
182	2.102147	0.105469	-0.173896	0.137254	
183	2.102147	0.105469	-0.173896	0.137254	
183	2.109375	0.141299	-0.163247	0.138302	
184	2.109375	0.141299	-0.163247	0.138302	
184	2.112929	0.158203	-0.157895	0.138892	
185	2.112929	0.158203	-0.157895	0.138892	
185	2.122804	0.210938	-0.141647	0.140938	
186	2.122804	0.210938	-0.141647	0.140938	
186	2.131431	0.263672	-0.125514	0.143352	
187	2.131431	0.263672	-0.125514	0.143352	
187	2.138826	0.316406	-0.109499	0.146122	
188	2.138826	0.316406	-0.109499	0.146122	
188	2.145003	0.369141	-0.093607	0.149241	
189	2.145003	0.369141	-0.093607	0.149241	
189	2.149969	0.421875	-0.077845	0.152700	
190	2.149969	0.421875	-0.077845	0.152700	
190	2.153726	0.474609	-0.062226	0.156490	
191	2.153726	0.474609	-0.062226	0.156490	
191	2.156270	0.527344	-0.046764	0.160602	
192	2.156270	0.527344	-0.046764	0.160602	
192	2.157591	0.580078	-0.031475	0.165024	
193	2.157591	0.580078	-0.031475	0.165024	
193	2.157671	0.632812	-0.016382	0.169745	
194	2.157671	0.632812	-0.016382	0.169745	
194	2.156489	0.685547	-0.001508	0.174751	
195	2.156489	0.685547	-0.001508	0.174751	
195	2.154014	0.738281	0.013119	0.180025	
196	2.154014	0.738281	0.013119	0.180025	
196	2.150209	0.791016	0.027471	0.185548	
197	2.150209	0.791016	0.027471	0.185548	
197	2.145031	0.843750	0.041515	0.191298	
198	2.096957	1.107422	0.106246	0.222666	
198	2.109375	1.055048	0.094001	0.216068	
199	2.096957	1.107422	0.106246	0.222666	
199	2.082694	1.160156	0.118059	0.229361	
200	2.082694	1.160156	0.118059	0.229361	
200	2.066571	1.212891	0.129322	0.236065	
201	2.056641	1.242199	0.135241	0.239721	
201	2.066571	1.212891	0.129322	0.236065	
202	2.048727	1.265625	0.140176	0.242844	
202	2.056641	1.242199	0.135241	0.239721	
203	2.145031	0.843750	0.041515	0.191298	
203	2.138429	0.896484	0.055216	0.197250	
204	2.138429	0.896484	0.055216	0.197250	
204	2.130344	0.949219	0.068542	0.203377	
205	2.130344	0.949219	0.068542	0.203377	
205	2.120713	1.001953	0.081455	0.209647	
206	2.120713	1.001953	0.081455	0.209647	
206	2.109462	1.054688	0.093921	0.216026	
207	2.109375	1.055048	0.094001	0.216068	
207	2.109462	1.054688	0.093921	0.216026	
208	2.048727	1.265625	0.140176	0.242844	
208	2.029123	1.318359	0.150627	0.249692	
209	2.029123	1.318359	0.150627	0.249692	
209	2.007311	1.371094	0.160412	0.256413	
210	2.003906	1.378739	0.161740	0.257350	
210	2.007311	1.371094	0.160412	0.256413	
211	1.983681	1.423828	0.169848	0.263206	
211	2.003906	1.378739	0.161740	0.257350	
212	1.983681	1.423828	0.169848	0.263206	
212	1.957631	1.476562	0.178597	0.269807	
213	1.929384	1.529297	0.186871	0.276349	
213	1.951172	1.488761	0.180476	0.271265	
214	1.951172	1.488761	0.180476	0.271265	
214	1.957631	1.476562	0.178597	0.269807	
215	1.898438	1.581964	0.194406	0.282594	
215	1.929384	1.529297	0.186871	0.276349	
216	1.898397	1.582031	0.194415	0.282603	
216	1.898438	1.581964	0.194406	0.282594	
217	1.898397	1.582031	0.194415	0.282603	
217	1.864909	1.634766	0.201460	0.288728	
218	1.845703	1.662817	0.204828	0.291767	
218	1.864909	1.634766	0.201460	0.288728	
219	1.828315	1.687500	0.207761	0.294480	
219	1.845703	1.662817	0.204828	0.291767	
220	1.788408	1.740234	0.213331	0.299824	
220	1.792969	1.734388	0.212732	0.299236	
221	1.788408	1.740234	0.213331	0.299824	
221	1.744915	1.792969	0.218169	0.304708	
222	1.792969	1.734388	0.212732	0.299236	
222	1.828315	1.687500	0.207761	0.294480	
223	1.697336	1.845703	0.222196	0.308992	
223	1.740234	1.798360	0.218614	0.305169	
224	1.740234	1.798360	0.218614	0.305169	
224	1.744915	1.792969	0.218169	0.304708	
225	1.687500	1.856032	0.222887	0.309753	
225	1.697336	1.845703	0.222196	0.308992	
226	0.791016	2.316520	0.196234	0.248265	
226	0.843750	2.307611	0.199691	0.257599	
227	0.763369	2.320312	0.194367	0.242968	
227	0.791016	2.316520	0.196234	0.248265	
228	0.632812	2.333657	0.186214	0.217326	
228	0.685547	2.329574	0.189493	0.228175	
229	0.685547	2.329574	0.189493	0.228175	
229	0.738281	2.323832	0.192828	0.238455	
230	0.738281	2.323832	0.192828	0.238455	
230	0.763369	2.320312	0.194367	0.242968	
231	0.421875	2.334179	0.174240	0.168706	
231	0.474609	2.336365	0.177013	0.181610	
232	0.474609	2.336365	0.177013	0.181610	
232	0.527344	2.337021	0.179948	0.194023	
233	0.527344	2.337021	0.179948	0.194023	
233	0.580078	2.336127	0.183024	0.205935	
234	0.580078	2.336127	0.183024	0.205935	
234	0.632812	2.333657	0.186214	0.217326	
235	0.158203	2.301187	0.163660	0.097777	
235	0.210938	2.310627	0.165262	0.112695	
236	0.105469	2.290214	0.162340	0.082408	
236	0.158203	2.301187	0.163660	0.097777	
237	0.000000	2.263679	0.160649	0.050406	
237	0.015067	2.267578	0.160798	0.054810	
238	0.052734	2.277667	0.161326	0.066567	
238	0.105469	2.290214	0.162340	0.082408	
239	0.015067	2.267578	0.160798	0.054810	
239	0.052734	2.277667	0.161326	0.066567	
240	0.263672	2.318568	0.167128	0.127181	
240	0.277888	2.320312	0.167653	0.130874	
241	0.210938	2.310627	0.165262	0.112695	
241	0.263672	2.318568	0.167128	0.127181	
242	0.277888	2.320312	0.167653	0.130874	
242	0.316406	2.325245	0.169272	0.141454	
243	0.316406	2.325245	0.169272	0.141454	
243	0.369141	2.330472	0.171653	0.155320	
244	0.369141	2.330472	0.171653	0.155320	
244	0.421875	2.334179	0.174240	0.168706	
245	1.645078	1.898438	0.225335	0.312522	
245	1.687500	1.856032	0.222887	0.309753	
246	1.529297	1.999271	0.228606	0.316494	
246	1.582031	1.955861	0.227678	0.315319	
247	1.523302	2.003906	0.228633	0.316529	
247	1.529297	1.999271	0.228606	0.316494	
248	1.587410	1.951172	0.227517	0.315120	
248	1.634766	1.908307	0.225837	0.313106	
249	1.634766	1.908307	0.225837	0.313106	
249	1.645078	1.898438	0.225335	0.312522	
250	1.582031	1.955861	0.227678	0.315319	
250	1.587410	1.951172	0.227517	0.315120	
251	1.476562	2.039015	0.228787	0.316735	
251	1.523302	2.003906	0.228633	0.316529	
252	1.451265	2.056641	0.228529	0.316375	
252	1.476562	2.039015	0.228787	0.316735	
253	1.423828	2.075315	0.228279	0.316018	
253	1.451265	2.056641	0.228529	0.316375	
254	1.371094	2.108381	0.227148	0.314338	
254	1.423828	2.075315	0.228279	0.316018	
255	1.369398	2.109375	0.227094	0.314255	
255	1.371094	2.108381	0.227148	0.314338	
256	1.273854	2.162109	0.223922	0.309165	
256	1.318359	2.138837	0.225656	0.312005	
257	1.318359	2.138837	0.225656	0.312005	
257	1.369398	2.109375	0.227094	0.314255	
258	1.265625	2.166369	0.223642	0.308694	
258	1.273854	2.162109	0.223922	0.309165	
259	1.008635	2.267578	0.210067	0.282407	
259	1.054688	2.253386	0.212924	0.288494	
260	1.001953	2.269653	0.209698	0.281599	
260	1.008635	2.267578	0.210067	0.282407	
261	0.949219	2.284272	0.206471	0.274310	
261	1.001953	2.269653	0.209698	0.281599	
262	0.896484	2.296892	0.203119	0.266295	
262	0.949219	2.284272	0.206471	0.274310	
263	0.843750	2.307611	0.199691	0.257599	
263	0.896484	2.296892	0.203119	0.266295	
264	1.158638	2.214844	0.218630	0.299764	
264	1.160156	2.214247	0.218719	0.299931	
265	1.212891	2.191637	0.221389	0.304795	
265	1.265625	2.166369	0.223642	0.308694	
266	1.160156	2.214247	0.218719	0.299931	
266	1.212891	2.191637	0.221389	0.304795	
267	1.054688	2.253386	0.212924	0.288494	
267	1.107422	2.234981	0.215960	0.294635	
268	1.107422	2.234981	0.215960	0.294635	
268	1.158638	2.214844	0.218630	0.299764	
269	-2.167738	0.000000	0.115090	-0.316796	
269	-2.162109	0.016189	0.119943	-0.317026	
270	-2.162109	0.016189	0.119943	-0.317026	
270	-2.149796	0.052734	0.130021	-0.317630	
271	-2.149796	0.052734	0.130021	-0.317630	
271	-2.130721	0.105469	0.144663	-0.318826	
272	-2.130721	0.105469	0.144663	-0.318826	
272	-2.110190	0.158203	0.159286	-0.320411	
273	-2.110190	0.158203	0.159286	-0.320411	
273	-2.109375	0.160196	0.159848	-0.320480	
274	-2.109375	0.160196	0.159848	-0.320480	
274	-2.089155	0.210938	0.172905	-0.322256	
275	-2.089155	0.210938	0.172905	-0.322256	
275	-2.066642	0.263672	0.186428	-0.324461	
276	-2.056641	0.285887	0.192153	-0.325512	
276	-2.043217	0.316406	0.199249	-0.326917	
277	-2.066642	0.263672	0.186428	-0.324461	
277	-2.056641	0.285887	0.192153	-0.325512	
278	-2.003906	0.399247	0.218490	-0.331331	
278	-1.993022	0.421875	0.223166	-0.332548	
279	-2.043217	0.316406	0.199249	-0.326917	
279	-2.018679	0.369141	0.211512	-0.329624	
280	-2.018679	0.369141	0.211512	-0.329624	
280	-2.003906	0.399247	0.218490	-0.331331	
281	-1.993022	0.421875	0.223166	-0.332548	
281	-1.966391	0.474609	0.234027	-0.335609	
282	-1.951172	0.503300	0.239876	-0.337405	
282	-1.938629	0.527344	0.244186	-0.338798	
283	-1.966391	0.474609	0.234027	-0.335609	
283	-1.951172	0.503300	0.239876	-0.337405	
284	-1.938629	0.527344	0.244186	-0.338798	
284	-1.909812	0.580078	0.253519	-0.342038	
285	-1.909812	0.580078	0.253519	-0.342038	
285	-1.898438	0.600052	0.256990	-0.343327	
286	-1.898438	0.600052	0.256990	-0.343327	
286	-1.880031	0.632812	0.261901	-0.345236	
287	-1.880031	0.632812	0.261901	-0.345236	
287	-1.848913	0.685547	0.269603	-0.348451	
288	-1.845703	0.690829	0.270351	-0.348779	
288	-1.817162	0.738281	0.275988	-0.351354	
289	-1.848913	0.685547	0.269603	-0.348451	
289	-1.845703	0.690829	0.270351	-0.348779	
290	-1.792969	0.776662	0.280348	-0.353484	
290	-1.783998	0.791016	0.281662	-0.354152	
291	-1.783998	0.791016	0.281662	-0.354152	
291	-1.749886	0.843750	0.286210	-0.356581	
292	-1.817162	0.738281	0.275988	-0.351354	
292	-1.792969	0.776662	0.280348	-0.353484	
293	-1.749886	0.843750	0.286210	-0.356581	
293	-1.740234	0.858197	0.287363	-0.357229	
294	-1.740234	0.858197	0.287363	-0.357229	
294	-1.714794	0.896484	0.289634	-0.358553	
295	-1.714794	0.896484	0.289634	-0.358553	
295	-1.687500	0.935964	0.291724	-0.359839	
296	-1.687500	0.935964	0.291724	-0.359839	
296	-1.678369	0.949219	0.292169	-0.360123	
297	-1.678369	0.949219	0.292169	-0.360123	
297	-1.640887	1.001953	0.293587	-0.361068	
298	-1.634766	1.010346	0.293749	-0.361180	
298	-1.602437	1.054688	0.293828	-0.361231	
299	-1.640887	1.001953	0.293587	-0.361068	
299	-1.634766	1.010346	0.293749	-0.361180	
300	-1.476562	1.216047	0.288631	-0.356728	
300	-1.435610	1.265625	0.285127	-0.353348	
301	-1.602437	1.054688	0.293828	-0.361231	
301	-1.582031	1.081757	0.293680	-0.361115	
302	-1.582031	1.081757	0.293680	-0.361115	
302	-1.562650	1.107422	0.293128	-0.360675	
303	-1.529297	1.150227	0.291902	-0.359653	
303	-1.521529	1.160156	0.291472	-0.359284	
304	-1.562650	1.107422	0.293128	-0.360675	
304	-1.529297	1.150227	0.291902	-0.359653	
305	-1.521529	1.160156	0.291472	-0.359284	
305	-1.479150	1.212891	0.288816	-0.356899	
306	-1.479150	1.212891	0.288816	-0.356899	
306	-1.476562	1.216047	0.288631	-0.356728	
307	-1.265625	1.455804	0.265259	-0.330485	
307	-1.245713	1.476562	0.262552	-0.326919	
308	-1.054688	1.661011	0.235192	-0.284487	
308	-1.024646	1.687500	0.230970	-0.276778	
309	-1.245713	1.476562	0.262552	-0.326919	
309	-1.212891	1.510172	0.257965	-0.320632	
310	-1.212891	1.510172	0.257965	-0.320632	
310	-1.193796	1.529297	0.255279	-0.316804	
311	-1.193796	1.529297	0.255279	-0.316804	
311	-1.160156	1.562463	0.250432	-0.309616	
312	-1.160156	1.562463	0.250432	-0.309616	
312	-1.139798	1.582031	0.247524	-0.305125	
313	-1.139798	1.582031	0.247524	-0.305125	
313	-1.107422	1.612730	0.242799	-0.297532	
314	-1.107422	1.612730	0.242799	-0.297532	
314	-1.083501	1.634766	0.239386	-0.291808	
315	-1.083501	1.634766	0.239386	-0.291808	
315	-1.054688	1.661011	0.235192	-0.284487	
316	-1.435610	1.265625	0.285127	-0.353348	
316	-1.423828	1.279525	0.284043	-0.352258	
317	-1.423828	1.279525	0.284043	-0.352258	
317	-1.390574	1.318359	0.280604	-0.348671	
318	-1.390574	1.318359	0.280604	-0.348671	
318	-1.371094	1.340569	0.278482	-0.346364	
319	-1.371094	1.340569	0.278482	-0.346364	
319	-1.343974	1.371094	0.275292	-0.342768	
320	-1.343974	1.371094	0.275292	-0.342768	
320	-1.318359	1.399297	0.272156	-0.339086	
321	-1.318359	1.399297	0.272156	-0.339086	
321	-1.295725	1.423828	0.269250	-0.335546	
322	-1.295725	1.423828	0.269250	-0.335546	
322	-1.265625	1.455804	0.265259	-0.330485	
323	-1.024646	1.687500	0.230970	-0.276778	
323	-1.001953	1.707332	0.227720	-0.270598	
324	-1.001953	1.707332	0.227720	-0.270598	
324	-0.962918	1.740234	0.222385	-0.259953	
325	-0.962918	1.740234	0.222385	-0.259953	
325	-0.949219	1.751706	0.220478	-0.255990	
326	-0.949219	1.751706	0.220478	-0.255990	
326	-0.897943	1.792969	0.213741	-0.241237	
327	-0.897943	1.792969	0.213741	-0.241237	
327	-0.896484	1.794138	0.213547	-0.240792	
328	-0.896484	1.794138	0.213547	-0.240792	
328	-0.843750	1.835038	0.206846	-0.224782	
329	-0.843750	1.835038	0.206846	-0.224782	
329	-0.829352	1.845703	0.205148	-0.220488	
330	-0.791016	1.874103	0.200551	-0.208329	
330	-0.756447	1.898438	0.196750	-0.197609	
331	-0.829352	1.845703	0.205148	-0.220488	
331	-0.791016	1.874103	0.200551	-0.208329	
332	-0.632812	1.980665	0.184349	-0.157114	
332	-0.594466	2.003906	0.181120	-0.144679	
333	-0.527344	2.043310	0.175882	-0.122002	
333	-0.502880	2.056641	0.174242	-0.114072	
334	-0.474609	2.072265	0.172350	-0.104277	
334	-0.421875	2.099561	0.169304	-0.086618	
335	-0.502880	2.056641	0.174242	-0.114072	
335	-0.474609	2.072265	0.172350	-0.104277	
336	-0.594466	2.003906	0.181120	-0.144679	
336	-0.580078	2.012710	0.179899	-0.139704	
337	-0.580078	2.012710	0.179899	-0.139704	
337	-0.527344	2.043310	0.175882	-0.122002	
338	-0.756447	1.898438	0.196750	-0.197609	
338	-0.738281	1.911259	0.194724	-0.191618	
339	-0.738281	1.911259	0.194724	-0.191618	
339	-0.685547	1.946657	0.189347	-0.174626	
340	-0.685547	1.946657	0.189347	-0.174626	
340	-0.678503	1.951172	0.188686	-0.172415	
341	-0.678503	1.951172	0.188686	-0.172415	
341	-0.632812	1.980665	0.184349	-0.157114	
342	-0.421875	2.099561	0.169304	-0.086618	
342	-0.401635	2.109375	0.168295	-0.080089	
343	-0.401635	2.109375	0.168295	-0.080089	
343	-0.369141	2.125426	0.166706	-0.068872	
344	-0.369141	2.125426	0.166706	-0.068872	
344	-0.316406	2.149657	0.164578	-0.051303	
345	-0.316406	2.149657	0.164578	-0.051303	
345	-0.287195	2.162109	0.163621	-0.041933	
346	-0.263672	2.172368	0.162895	-0.033857	
346	-0.210938	2.193710	0.161635	-0.016435	
347	-0.287195	2.162109	0.163621	-0.041933	
347	-0.263672	2.172368	0.162895	-0.033857	
348	-0.158203	2.213211	0.160812	0.000441	
348	-0.153422	2.214844	0.160759	0.001899	
349	-0.210938	2.193710	0.161635	-0.016435	
349	-0.158203	2.213211	0.160812	0.000441	
350	-0.105469	2.231704	0.160373	0.017563	
350	-0.052734	2.248528	0.160330	0.034231	
351	-0.052734	2.248528	0.160330	0.034231	
351	0.000000	2.263679	0.160649	0.050406	
352	-0.153422	2.214844	0.160759	0.001899	
352	-0.105469	2.231704	0.160373	0.017563	
