1 -36.103434 0.097294 -0.004239 0.529129 -7.104933 434.181198 0.000000 
1 -35.483550 0.105339 -0.024579 0.776318 -4.312624 434.674801 0.000000 
1 -11349.464114 0.033575 -0.040126 0.640143 -1.057258 434.693646 0.000000 
1 -5.779837 0.062580 -0.074968 0.168492 -1.543796 434.581162 0.000000 
1 -11370.348221 0.089124 -0.029986 0.288432 -5.432574 434.407895 0.000000 
1 -11377.018503 0.077913 -0.055909 0.373896 -5.670500 433.964238 0.000000 
1 -11346.109803 0.033233 -0.077119 0.474798 -1.807709 433.911005 0.000000 
1 -11355.377594 0.064629 -0.051471 0.317791 -3.912318 434.849128 0.000000 
1 -11344.948760 0.073100 0.028225 0.261289 -3.352981 434.975415 0.000000 
1 -11344.898216 -0.027042 -0.059691 0.533191 -1.900113 434.547043 0.000000 
1 -22.831549 0.136877 -0.067108 0.386736 -5.437973 434.478727 -0.050641 
1 -17.342320 0.050216 -0.019428 0.239531 -7.178692 434.383017 -0.050641 
1 -25.732855 0.035819 -0.046874 0.520904 -5.411576 433.870837 -0.050641 
1 -6.426631 0.008013 -0.032531 0.240811 -4.322058 434.368279 -0.050641 
1 -11345.650491 0.096736 -0.000043 0.429536 -1.097818 434.566383 -0.050641 
1 -22.292887 0.044216 -0.105012 0.796282 0.098918 434.152222 -0.050641 
1 -11359.832847 0.057224 -0.081938 0.365987 -4.052777 434.264428 -0.050641 
1 -11367.090811 0.082881 -0.050131 0.391911 -4.259536 434.887221 -0.050641 
1 -10.813772 -0.055728 -0.085331 0.238035 -6.408961 434.729809 -0.050641 
1 -11342.322754 -0.041703 -0.057699 0.534268 -1.699597 434.580009 -0.050641 
1 -7.028973 0.030370 -0.080396 0.270635 -4.174311 434.217182 -0.125505 
1 -11371.937586 0.053271 -0.073621 0.413699 -5.142995 434.693487 -0.125505 
1 -11348.341964 0.088717 0.003847 0.315608 -2.632528 434.401840 -0.125505 
1 -22.939002 -0.035800 -0.024510 0.297382 -8.564137 434.297032 -0.125505 
1 -11333.642169 0.127919 -0.108286 0.478389 1.803083 434.447244 -0.125505 
1 -11362.226273 0.107567 -0.010623 0.349400 -3.659792 434.233701 -0.125505 
1 -11352.976371 0.073780 -0.032666 0.532734 -1.794467 434.449538 -0.125505 
1 -11667.686398 0.053269 -0.093397 0.289957 -3.779142 434.135286 -0.125505 
1 -11.218434 0.007022 0.028067 0.173249 -6.405698 434.699363 -0.125505 
1 -33.140862 0.023302 -0.063865 0.622857 -6.944275 434.881278 -0.125505 
1 -11336.517438 0.089407 -0.039508 0.302980 -1.057944 434.438843 -0.188538 
1 -38.442480 0.017744 -0.037387 0.714960 -7.076664 433.762680 -0.188538 
1 -11352.860514 -0.006010 -0.035396 0.326118 -5.283156 434.223146 -0.188538 
1 -21.540382 0.049662 -0.107310 0.598019 -3.899284 433.951744 -0.188538 
1 -10.441012 -0.041434 -0.012883 0.241962 -5.681575 434.402575 -0.188538 
1 -11368.455149 0.032859 0.004701 0.349381 -5.896544 434.603015 -0.188538 
1 -20.649336 0.055018 -0.003072 0.241289 -7.730331 434.313556 -0.188538 
1 -11324.546403 0.008172 -0.006321 0.275073 -2.225100 434.132225 -0.188538 
1 -11297.744806 0.145621 -0.057802 0.246552 -10.224809 434.417833 -0.188538 
1 -11.691472 -0.005860 -0.051424 0.274346 -5.919075 434.582269 -0.188538 
1 -6.192213 -0.029664 -0.040779 0.216878 -4.714695 434.971092 -0.226369 
1 -11282.384208 0.030849 -0.071685 0.196522 -10.973604 434.289793 -0.226369 
1 -11285.273593 0.111003 -0.041694 0.113193 -7.953203 434.343260 -0.226369 
1 -1.440367 -0.004381 -0.030508 0.258019 -0.601165 434.480302 -0.226369 
1 -10.137624 -0.039089 -0.012262 0.243995 -5.497436 434.392036 -0.226369 
1 -10.737690 0.119684 -0.111634 0.383663 -1.700003 434.103034 -0.226369 
1 -34.124420 -0.023210 -0.026352 0.471068 -8.662192 434.303580 -0.226369 
1 -13.075328 0.001532 0.019793 0.242593 -5.301142 433.837533 -0.226369 
1 -0.188573 0.120431 -0.058442 0.207149 1.286751 434.637476 -0.226369 
1 -11350.785025 0.042606 -0.063171 0.518560 -1.967573 434.278921 -0.226369 
1 -11301.818561 0.167931 -0.059805 0.206535 -2.104463 433.947823 -0.300861 
1 -28.572130 0.018277 -0.060885 0.613905 -5.588553 434.308046 -0.300861 
1 -11285.273593 0.111003 -0.041694 0.113193 -7.953203 434.343260 -0.300861 
1 -11362.842088 0.094051 -0.021588 0.401361 -3.608845 434.423297 -0.300861 
1 -16.731564 -0.058968 -0.078022 0.261650 -8.233669 434.829480 -0.300861 
1 -23.164861 0.178655 -0.038351 0.466641 -3.195096 434.861512 -0.300861 
1 -11354.387405 0.182005 0.047379 0.451235 -1.050316 433.852599 -0.300861 
1 -11278.677685 0.103895 -0.016448 0.135149 -7.768912 434.603730 -0.300861 
1 0.117642 0.080166 -0.033254 0.189684 -1.197635 434.561675 -0.300861 
1 -11379.692805 0.108155 -0.019660 0.372721 -5.582649 433.592992 -0.300861 
1 -11373.423786 0.057362 0.015599 0.318973 -6.331016 434.755987 -0.376418 
1 -11.668426 0.020629 -0.000838 0.241791 -5.392275 434.422564 -0.376418 
1 -26.949863 0.044442 -0.057204 0.141518 -7.273493 434.559320 -0.376418 
1 -11354.999292 0.097232 0.012516 0.357932 -2.975743 433.744038 -0.376418 
1 -17.778334 -0.010924 -0.014172 0.238894 -8.015569 434.344493 -0.376418 
1 -11291.241324 0.008200 -0.070266 0.251513 -8.012649 434.572702 -0.376418 
1 -11317.459064 0.052920 -0.090915 0.314278 1.015610 434.280911 -0.376418 
1 -11278.410316 0.097288 -0.019026 0.134405 -9.117743 434.576315 -0.376418 
1 -18.338742 -0.073115 -0.091989 0.291334 -8.475412 434.210322 -0.376418 
1 -11350.377936 0.041050 0.041187 0.699575 -0.706674 434.319485 -0.376418 
1 -11301.433446 -0.023877 -0.026269 0.306770 1.756410 434.292296 -0.401340 
1 -11372.631672 0.128222 0.004597 0.505068 -3.932218 433.921386 -0.401340 
1 -26.949863 0.044442 -0.057204 0.141518 -7.273493 434.559320 -0.401340 
1 -3.617996 0.040978 -0.003328 0.206664 -2.940426 433.997154 -0.401340 
1 -35.913679 0.136499 -0.050102 0.564859 -7.229181 434.071779 -0.401340 
1 -29.080408 0.120185 -0.051351 0.512704 -5.888153 434.337277 -0.401340 
1 -14.406861 0.048012 -0.046250 0.267340 -6.076500 434.862655 -0.401340 
1 -17.248712 0.034044 -0.066340 0.284895 -6.976912 434.740439 -0.401340 
1 -22.109325 0.144461 -0.033551 0.262590 -6.132323 433.979426 -0.401340 
1 -22.191013 0.001788 -0.092540 0.550140 -5.056832 434.080392 -0.401340 
1 -28.896270 0.171120 -0.080187 0.746341 -2.838113 434.615223 -0.415262 
1 -36.136444 0.019995 -0.028061 0.538389 -8.115469 433.808960 -0.415262 
1 -30.649824 0.019280 -0.054668 0.548591 -6.935834 434.797564 -0.415262 
1 -17.034252 0.050081 0.005419 0.232481 -6.873283 434.594527 -0.415262 
1 -31.707505 0.119955 -0.080893 0.521048 -7.080041 434.052812 -0.415262 
1 -46.635465 0.041335 0.014337 0.798909 -7.333856 435.102560 -0.415262 
1 -11355.142758 0.064793 -0.024199 0.549148 -2.112020 434.395954 -0.415262 
1 -29.417867 0.117060 -0.002523 0.602892 -3.428292 434.408084 -0.415262 
1 -23.427387 0.061129 -0.065275 0.435441 -6.011623 434.270362 -0.415262 
1 -21.603178 0.161952 -0.077302 0.469856 -3.698567 434.137521 -0.415262 
1 -11369.012144 0.076427 -0.038886 0.335439 -5.119375 434.497272 -0.469451 
1 -8.578686 0.003027 -0.117041 0.278738 -5.166101 434.376944 -0.469451 
1 -11364.355708 0.013049 -0.038437 0.421059 -4.960029 434.476905 -0.469451 
1 -18.202322 0.023851 0.006667 0.236025 -7.465239 434.600750 -0.469451 
1 -11360.499058 0.056300 -0.015095 0.458522 -3.489955 434.785381 -0.469451 
1 -36.020448 -0.026301 0.027015 0.669633 -5.495015 434.320837 -0.469451 
1 -11.873308 0.027272 -0.048100 0.280090 -5.339645 434.425605 -0.469451 
1 -11336.440798 -0.036812 -0.060259 0.349690 -3.476648 434.052286 -0.469451 
1 -39.278209 0.052484 0.057747 0.620655 -5.704031 434.109619 -0.469451 
1 -28.783930 0.144358 -0.045181 0.704827 -2.622601 434.292778 -0.469451 
1 -11340.981898 0.057838 -0.049648 0.275606 -3.030444 434.088539 -0.520528 
1 -10.973506 -0.034512 -0.129086 0.230596 -5.740627 434.402572 -0.520528 
1 -11366.435007 0.069870 -0.066470 0.338120 -4.846506 434.310277 -0.520528 
1 -27.620076 0.099471 -0.106850 0.419508 -7.439706 433.443149 -0.520528 
1 -11353.635768 0.083279 -0.007625 0.467309 -2.159888 434.623354 -0.520528 
1 -11355.923476 -0.002970 -0.047083 0.530860 -3.149237 434.327484 -0.520528 
1 -11.645973 0.019261 -0.047149 0.280353 -5.360165 434.441607 -0.520528 
1 -20.463480 0.095716 -0.066336 0.303085 -6.510835 433.766907 -0.520528 
1 -38.616168 -0.081169 -0.063271 0.526434 -10.055734 434.492184 -0.520528 
1 -31.260811 0.136394 -0.044848 0.787772 -2.506526 434.293892 -0.520528 
1 -1.827026 0.007162 -0.007027 0.232549 -0.811021 434.596172 -0.558290 
1 -11345.736758 0.072531 -0.054490 0.305848 -2.691862 434.317063 -0.558290 
1 -30.419952 0.090870 -0.008776 0.617838 -4.147887 434.194415 -0.558290 
1 -11357.248325 -0.082823 -0.058667 0.428960 -5.566504 434.625979 -0.558290 
1 -11305.986074 0.077418 -0.052432 0.302554 -10.870707 434.288438 -0.558290 
1 -32.304512 0.096427 -0.005343 0.420512 -7.322887 434.145922 -0.558290 
1 -39.512984 0.164639 -0.029127 0.760726 -5.686374 434.699416 -0.558290 
1 -9.358747 -0.015099 -0.085055 0.322338 -4.629690 433.856221 -0.558290 
1 -27.439032 0.143372 -0.051730 0.377846 -6.622778 434.637497 -0.558290 
1 -6.059556 0.088240 -0.005426 0.196542 -3.554631 434.070864 -0.558290 
1 -6.152963 0.089808 -0.080882 0.259330 -2.584820 434.590586 -0.597288 
1 -33.697117 -0.008639 -0.039232 0.855075 -3.674921 434.584709 -0.597288 
1 -11337.220486 0.052759 -0.006783 0.267596 -2.875670 434.370563 -0.597288 
1 -11371.642461 0.041427 0.015734 0.316954 -6.507993 434.651523 -0.597288 
1 -11372.685159 0.027478 -0.042542 0.292079 -7.266952 434.310284 -0.597288 
1 -32.199164 0.016488 -0.087937 0.734320 -5.868013 434.548944 -0.597288 
1 2.006079 -0.005730 -0.063311 0.251617 1.649580 434.021161 -0.597288 
1 -30.130997 0.017259 -0.045383 0.574276 -6.297155 434.160207 -0.597288 
1 -27.349296 0.145085 -0.049857 0.362708 -6.702720 434.616533 -0.597288 
1 -39.632451 0.100691 -0.037030 0.689334 -7.102265 434.957026 -0.597288 
1 -11304.128370 0.111431 -0.033711 0.236880 -5.482260 434.240411 -0.636094 
1 -33.697117 -0.008639 -0.039232 0.855075 -3.674921 434.584709 -0.636094 
1 -30.595057 0.095548 -0.060654 0.628926 -5.428432 434.225219 -0.636094 
1 -1.528821 -0.029497 -0.056276 0.310759 1.299317 434.346035 -0.636094 
1 -11274.176760 0.045968 -0.084815 0.169218 -2.733856 434.384110 -0.636094 
1 -27.170219 0.013110 -0.080141 0.611304 -5.589307 434.509914 -0.636094 
1 -25.618623 -0.073879 -0.046059 0.542298 -6.008438 434.929996 -0.636094 
1 -30.130997 0.017259 -0.045383 0.574276 -6.297155 434.160207 -0.636094 
1 -19.599398 0.138120 -0.050668 0.340623 -4.717712 434.295905 -0.636094 
1 -11354.016478 0.042190 -0.042940 0.348336 -3.969757 434.382598 -0.636094 
1 -32.835344 -0.045997 -0.048537 0.627860 -7.029039 433.605935 -0.687940 
1 -26.363745 0.083345 -0.060953 0.490869 -5.859758 434.310617 -0.687940 
1 -25.488782 -0.029136 -0.042932 0.659151 -3.564686 434.547544 -0.687940 
1 -11282.986504 0.128649 -0.033611 0.151431 -6.510440 433.958455 -0.687940 
1 -11375.945035 0.068730 -0.032158 0.472690 -5.107135 434.634325 -0.687940 
1 -28.624005 0.093415 -0.040912 0.659086 -3.732548 434.068210 -0.687940 
1 -11364.598757 0.148991 -0.038752 0.425069 -2.734167 434.235031 -0.687940 
1 -37.603696 -0.012610 -0.043899 0.457248 -9.851689 434.349523 -0.687940 
1 -26.138239 0.147699 -0.104913 0.463825 -5.961258 434.108652 -0.687940 
1 -11299.756471 0.097310 -0.039983 0.219282 -3.750614 434.065267 -0.687940 
1 -5.210259 0.042530 -0.044677 0.195969 -4.435788 434.566820 -0.688174 
1 -4.795466 0.040014 -0.050570 0.244039 -3.378787 434.056555 -0.688174 
1 -17.289654 0.006302 0.032709 0.225930 -6.946957 434.591430 -0.688174 
1 -36.540331 0.106713 0.010955 0.877645 -1.497592 434.540472 -0.688174 
1 -45.033303 0.126105 -0.003774 0.569303 -8.884386 434.918067 -0.688174 
1 -23.225146 0.082069 -0.042300 0.509254 -3.993962 434.091845 -0.688174 
1 -29.737720 0.109837 -0.036106 0.727403 -2.762253 434.428992 -0.688174 
1 -25.853885 0.125937 -0.049605 0.365049 -6.562822 434.520904 -0.688174 
1 -5.767956 0.051492 -0.043137 0.241858 -3.517853 434.155526 -0.688174 
1 -11.965311 0.028086 -0.079796 0.279262 -5.737814 433.867750 -0.688174 
1 -33.763948 0.094927 -0.009973 0.561920 -6.150413 433.989189 -0.688703 
1 -29.033637 0.015805 -0.073809 0.484171 -7.603593 434.485775 -0.688703 
1 -37.746973 0.002667 -0.009621 0.441842 -9.418952 434.654723 -0.688703 
1 -29.766155 0.061893 -0.020258 0.629914 -4.345279 434.499747 -0.688703 
1 -35.593927 0.076749 -0.067044 0.675816 -6.785179 434.345644 -0.688703 
1 -25.513059 0.101989 -0.036253 0.527733 -4.226605 434.036192 -0.688703 
1 -23.999181 0.109521 -0.104616 0.347079 -6.919347 433.954243 -0.688703 
1 -37.090867 0.109852 -0.014324 0.550302 -7.273575 434.054385 -0.688703 
1 0.910092 0.059786 -0.017097 0.192999 -0.791858 434.362374 -0.688703 
1 -33.951541 0.001518 0.012247 0.700611 -4.485303 434.306688 -0.688703 
1 0.586445 0.036703 -0.032097 0.205756 -1.191548 433.973770 -0.710752 
1 -33.276891 -0.005532 -0.000264 0.528065 -7.030250 434.725824 -0.710752 
1 -4.977776 0.037455 -0.055345 0.237061 -3.763961 434.218498 -0.710752 
1 -8.174472 0.036008 -0.064927 0.246716 -4.871137 434.145953 -0.710752 
1 -27.767964 0.048844 -0.043867 0.421431 -7.269431 434.351475 -0.710752 
1 -30.892323 0.087229 -0.034511 0.411308 -7.688138 434.169756 -0.710752 
1 -11342.717431 0.073663 -0.051484 0.491324 -0.538915 434.795075 -0.710752 
1 -38.652910 0.102942 -0.015898 0.497547 -8.323310 433.953943 -0.710752 
1 -29.545523 0.094044 -0.026173 0.396041 -7.294525 434.457501 -0.710752 
1 -20.304934 0.161618 -0.066077 0.556827 -1.114311 433.998704 -0.710752 
1 -31.187520 0.173662 -0.020371 0.466095 -5.865459 434.304422 -0.711326 
1 -47.177533 -0.002141 -0.067771 0.799202 -9.192861 434.344837 -0.711326 
1 -3.314062 0.096915 -0.044986 0.214766 -1.875631 434.463589 -0.711326 
1 -1.726412 0.039585 -0.069903 0.195736 -2.431563 434.126259 -0.711326 
1 -27.565253 -0.004580 -0.120828 0.340555 -9.512879 434.102634 -0.711326 
1 -16.122659 0.125875 -0.038008 0.267540 -4.796474 434.550785 -0.711326 
1 -29.478420 0.099173 -0.041185 0.563033 -5.390076 433.745395 -0.711326 
1 -38.341275 0.049287 -0.014912 0.435673 -9.334469 434.680233 -0.711326 
1 -47.325072 0.004180 0.001632 0.769212 -8.330299 434.404953 -0.711326 
1 -49.040299 0.132984 -0.016196 0.893427 -7.192034 434.287799 -0.711326 
1 1.477603 0.029602 -0.083601 0.206525 1.513866 434.410828 -0.736791 
1 -30.622463 0.061832 -0.061950 0.700176 -4.838575 434.137125 -0.736791 
1 -4.446173 -0.024630 -0.032545 0.234821 -3.673330 434.223299 -0.736791 
1 -4.255174 0.023808 -0.068407 0.184167 -2.321339 434.125941 -0.736791 
1 -27.565253 -0.004580 -0.120828 0.340555 -9.512879 434.102634 -0.736791 
1 -7.637192 -0.007023 0.015276 0.224966 -3.813547 434.227249 -0.736791 
1 -11359.133259 0.035391 -0.040805 0.381543 -4.408848 433.780803 -0.736791 
1 -13.864093 -0.077844 -0.070871 0.218469 -4.715188 434.465271 -0.736791 
1 -36.465136 0.142495 0.016191 0.603853 -5.451633 434.404583 -0.736791 
1 -48.989263 0.127008 -0.019807 0.838908 -7.834733 434.303068 -0.736791 
1 -30.988132 0.031112 -0.019422 0.606565 -5.414066 434.193122 -0.760078 
1 -30.622463 0.061832 -0.061950 0.700176 -4.838575 434.137125 -0.760078 
1 -27.205740 0.130826 -0.049217 0.407446 -6.381438 434.276344 -0.760078 
1 -30.713605 -0.029003 -0.036241 0.654126 -5.595198 434.074154 -0.760078 
1 -34.451254 0.005115 -0.109460 0.548239 -8.839995 434.153170 -0.760078 
1 -30.974861 0.174634 0.006295 0.490852 -4.799605 434.186749 -0.760078 
1 -11371.641917 0.047956 -0.043888 0.348520 -5.842797 435.028426 -0.760078 
1 -1.019534 0.011530 -0.021405 0.223212 -1.642740 434.835433 -0.760078 
1 -16.450888 0.166540 -0.029046 0.265261 -3.615009 434.269963 -0.760078 
1 -24.919990 0.091643 -0.096828 0.474994 -6.090635 434.103296 -0.760078 
1 1.392449 0.035446 -0.034482 0.219312 0.092706 434.171519 -0.760347 
1 -21.180766 0.126267 -0.022129 0.111995 -2.808401 434.048195 -0.760347 
1 -13.567240 0.088567 -0.122638 0.488898 -1.920474 434.618239 -0.760347 
1 -24.658142 0.095600 -0.048446 0.563205 -3.724150 434.142291 -0.760347 
1 -4.185208 -0.069500 -0.040448 0.254062 -2.843181 433.543331 -0.760347 
1 -31.029800 0.160153 0.004295 0.506661 -4.841856 434.182169 -0.760347 
1 -12.488459 0.106462 -0.131828 0.377869 -3.174678 433.719894 -0.760347 
1 -0.468971 0.077165 -0.054694 0.196544 -1.401678 434.345222 -0.760347 
1 -4.115724 0.060056 -0.067790 0.235972 -3.019676 434.142802 -0.760347 
1 -26.157883 0.092428 -0.029125 0.482534 -5.093214 434.141443 -0.760347 
1 -13.831199 0.075893 -0.071877 0.268810 -5.499170 434.393174 -0.794614 
1 -52.632897 0.038347 0.015317 0.825926 -8.760344 434.015059 -0.794614 
1 -11341.704325 0.121624 -0.052363 0.426310 -0.033605 434.373315 -0.794614 
1 -16.217064 0.011852 0.012776 0.245725 -6.545989 434.332972 -0.794614 
1 -36.781212 -0.024373 -0.045041 0.611458 -8.118087 433.850043 -0.794614 
1 -34.562621 0.102717 -0.025606 0.439415 -8.026840 434.074333 -0.794614 
1 -37.346963 0.084962 -0.022484 0.754672 -5.432677 434.578764 -0.794614 
1 -0.690791 0.052132 -0.061866 0.196960 -1.983439 434.316972 -0.794614 
1 -5.345869 0.042556 -0.064841 0.264860 -3.199997 434.103306 -0.794614 
1 -19.962574 0.096366 -0.078367 0.491426 -3.704969 434.108161 -0.794614 
1 -41.152826 0.048232 -0.073406 0.739223 -8.024039 434.206951 -0.795213 
1 -26.972189 -0.035373 -0.056749 0.179525 -7.052892 434.320860 -0.795213 
1 -14.411129 0.067313 -0.027039 0.242816 -6.024757 434.252712 -0.795213 
1 0.012457 0.066073 -0.044180 0.216880 -0.937568 434.029259 -0.795213 
1 -32.602764 0.108958 -0.088987 0.571636 -7.045756 434.776395 -0.795213 
1 -35.410511 0.107618 -0.030802 0.607135 -6.523325 434.418068 -0.795213 
1 -29.014794 0.089708 -0.012866 0.521558 -5.162681 434.593448 -0.795213 
1 1.506109 0.016882 -0.065459 0.208013 2.866795 434.237855 -0.795213 
1 -31.496256 0.169806 -0.029784 0.823473 -0.660263 434.121041 -0.795213 
1 -22.272865 0.102748 -0.075897 0.543046 -3.694606 434.115099 -0.795213 
1 -30.977680 -0.024598 -0.076266 0.780622 -4.880500 434.349790 -0.796078 
1 -55.580815 0.096066 -0.046297 0.773543 -10.545314 434.649021 -0.796078 
1 -14.546236 0.056565 -0.012035 0.241717 -6.078213 434.352182 -0.796078 
1 -3.486884 0.111927 -0.060128 0.202301 -1.326526 434.778535 -0.796078 
1 -0.129141 -0.029352 -0.032932 0.220241 1.828358 434.454788 -0.796078 
1 -16.142227 -0.004722 -0.038109 0.272414 -7.117633 434.064054 -0.796078 
1 -37.083178 0.061912 -0.036261 0.520170 -8.367178 434.457715 -0.796078 
1 -13.790887 0.059247 -0.019319 0.246323 -5.792279 434.296948 -0.796078 
1 -12.916478 0.056400 -0.018715 0.244726 -5.600623 434.542754 -0.796078 
1 -32.386027 0.077736 -0.091005 0.385953 -9.039771 434.165085 -0.796078 
1 -36.491777 0.032960 -0.063745 0.590222 -8.163125 434.211487 -0.797912 
1 2.014755 0.068808 0.005490 0.157921 2.561408 434.045864 -0.797912 
1 -30.409417 0.112455 -0.051308 0.410407 -7.518603 434.208351 -0.797912 
1 -43.832561 0.090947 0.016399 0.706730 -7.124791 434.256221 -0.797912 
1 -0.089480 0.033453 -0.040950 0.180085 -0.250107 434.514873 -0.797912 
1 -26.877431 -0.037982 -0.037538 0.603030 -5.020260 434.423022 -0.797912 
1 -5.945783 0.028294 -0.016913 0.247063 -3.135746 434.203786 -0.797912 
1 -18.981715 0.162539 -0.045737 0.286091 -4.519460 434.191170 -0.797912 
1 -37.652346 0.043871 -0.018881 0.765006 -5.627279 434.294251 -0.797912 
1 -36.133208 0.003133 -0.043162 0.575436 -8.092894 434.549378 -0.797912 
1 -37.019507 0.011598 -0.063205 0.708106 -7.253789 433.890817 -0.801809 
1 -38.869928 0.124549 -0.032332 0.672558 -6.798278 434.433381 -0.801809 
1 -3.119077 0.088408 -0.012293 0.179582 -2.876444 434.439171 -0.801809 
1 -40.013683 0.116001 -0.132627 0.810781 -7.493092 434.212175 -0.801809 
1 -4.233567 0.038813 -0.059825 0.177773 -3.001231 434.262468 -0.801809 
1 -10.276692 0.035958 -0.054742 0.274156 -4.890515 434.633235 -0.801809 
1 -35.320550 0.048638 0.006156 0.679577 -5.150445 434.467398 -0.801809 
1 -4.655062 0.060405 -0.033405 0.199977 -3.874108 434.196609 -0.801809 
1 -36.279906 0.042424 -0.018169 0.732667 -5.540719 434.294261 -0.801809 
1 -50.948355 -0.001813 -0.044256 0.761565 -10.061449 434.510423 -0.801809 
1 -16.169575 0.034171 -0.073024 0.270792 -6.960159 434.230257 -0.807843 
1 -23.040618 0.069534 -0.051104 0.555317 -3.526321 434.319213 -0.807843 
1 0.680393 0.076870 -0.007631 0.179391 -0.987914 434.487509 -0.807843 
1 -38.419133 0.168009 -0.080538 0.770782 -6.266779 434.279592 -0.807843 
1 -0.117566 0.047832 -0.045192 0.177548 -0.991771 434.393351 -0.807843 
1 -46.545369 0.162182 -0.074354 0.571007 -9.946127 433.897042 -0.807843 
1 -25.963945 0.061060 -0.108024 0.345337 -8.186280 434.768508 -0.807843 
1 -6.012335 -0.006865 0.005763 0.221891 -3.555582 434.322897 -0.807843 
1 -23.208589 0.048932 -0.067336 0.324473 -7.735665 434.028018 -0.807843 
1 -10.407348 0.073558 0.046104 0.159285 -5.850158 434.445061 -0.807843 
1 -13.805650 -0.035077 -0.059442 0.193128 -4.929236 434.510737 -0.820853 
1 -2.058454 0.003135 0.008906 0.218149 -0.086776 434.167675 -0.820853 
1 -20.000977 0.058329 -0.082133 0.531138 -3.629916 433.989704 -0.820853 
1 -27.376941 0.029662 -0.095664 0.579631 -6.217532 433.702733 -0.820853 
1 -32.416720 0.047304 -0.054283 0.138506 -9.477085 434.330846 -0.820853 
1 -22.479495 0.031717 -0.085605 0.564964 -4.485018 434.350325 -0.820853 
1 -42.226780 0.025751 -0.046658 0.535074 -9.883929 434.332478 -0.820853 
1 -4.496956 0.062215 -0.030348 0.216375 -3.312345 434.344207 -0.820853 
1 -33.876717 0.025309 -0.027488 0.583429 -6.907054 434.191574 -0.820853 
1 -10.167125 0.073479 0.043674 0.158984 -5.847603 434.443986 -0.820853 
1 -5.111131 -0.021282 -0.053172 0.203297 -3.528467 434.457709 -0.845549 
1 -10.383607 0.092021 -0.105083 0.165101 0.074053 433.724595 -0.845549 
1 -20.027596 0.056776 -0.082969 0.533066 -3.648899 433.989098 -0.845549 
1 -31.332988 0.003581 -0.063589 0.634440 -6.420931 434.005223 -0.845549 
1 -4.621872 0.081766 -0.080651 0.171481 -1.124403 434.456799 -0.845549 
1 -26.148637 -0.029469 -0.056304 0.532620 -6.194875 434.081211 -0.845549 
1 -28.305604 0.069382 -0.056403 0.558241 -5.676549 434.335948 -0.845549 
1 -2.773942 0.049104 -0.041628 0.172805 -2.865720 434.471278 -0.845549 
1 -33.876717 0.025309 -0.027488 0.583429 -6.907054 434.191574 -0.845549 
1 -31.022666 -0.046741 -0.028527 0.579481 -6.641531 434.440686 -0.845549 
1 -3.859181 -0.038178 -0.038513 0.219960 -3.207519 434.392247 -0.901698 
1 -34.647881 0.040442 -0.019401 0.632019 -6.273617 434.150069 -0.901698 
1 -26.553364 0.054875 -0.025394 0.631606 -3.068878 433.951629 -0.901698 
1 -31.180815 -0.000872 -0.043939 0.593349 -6.504319 434.246489 -0.901698 
1 1.818852 0.050520 -0.073944 0.211856 -0.113755 434.382208 -0.901698 
1 -26.967295 -0.011450 -0.098088 0.753885 -4.093077 434.575294 -0.901698 
1 -30.033178 0.078171 -0.076014 0.682682 -5.034518 434.398047 -0.901698 
1 -37.371190 -0.020885 -0.052309 0.758016 -6.809176 434.119914 -0.901698 
1 -48.986085 0.052707 -0.059774 0.581137 -10.958010 434.233488 -0.901698 
1 -5.784777 0.026826 -0.021735 0.252326 -3.054428 434.350571 -0.901698 
1 -5.218463 -0.076588 -0.029681 0.297256 -1.944634 434.169878 -0.991048 
1 -35.245205 0.110595 -0.056141 0.338499 -9.446102 434.294451 -0.991048 
1 -25.244376 0.068838 -0.046484 0.585167 -3.865512 434.569669 -0.991048 
1 -26.435462 0.122153 -0.030639 0.440436 -5.486081 434.493841 -0.991048 
1 -4.493028 -0.092592 -0.119621 0.315484 -3.848941 434.326287 -0.991048 
1 -25.167117 -0.012517 -0.090867 0.728293 -3.536361 434.542769 -0.991048 
1 -29.603256 0.113038 -0.069713 0.662370 -4.691662 433.930317 -0.991048 
1 -11.875860 0.061507 -0.048484 0.260266 -5.193498 434.767032 -0.991048 
1 -23.737435 0.086667 -0.044096 0.490516 -4.519213 434.440936 -0.991048 
1 -3.410854 -0.003323 -0.015795 0.236674 -2.398313 434.154099 -0.991048 
1 -38.614793 0.129382 -0.072778 0.664291 -7.489207 434.200949 -1.092552 
1 -12.340697 0.058782 -0.043325 0.255919 -5.432640 433.712803 -1.092552 
1 -10.729067 0.141589 -0.052161 0.270799 -2.353766 434.458589 -1.092552 
1 -26.319509 0.129290 -0.029814 0.439216 -5.351610 434.431330 -1.092552 
1 -21.633059 -0.047938 -0.101185 0.375741 -8.002780 434.372510 -1.092552 
1 -11.490904 0.008013 0.043343 0.221906 -4.278806 434.517948 -1.092552 
1 -22.106860 0.111572 -0.051001 0.488507 -3.736702 433.990803 -1.092552 
1 -15.845443 0.044429 -0.060590 0.273243 -6.581539 434.288193 -1.092552 
1 -23.080731 0.083937 -0.057001 0.498018 -4.503788 434.381161 -1.092552 
1 -4.792408 -0.003587 -0.029245 0.261752 -2.763530 433.950527 -1.092552 
1 -25.788212 0.069199 -0.025334 0.498976 -4.866896 434.558214 -1.201377 
1 -1.430224 0.131500 0.005857 0.173554 0.073901 434.502038 -1.201377 
1 1.077431 0.059743 -0.015134 0.202985 0.105021 434.294298 -1.201377 
1 -10.057006 0.038943 -0.061987 0.274347 -4.842725 433.865333 -1.201377 
1 -40.784772 -0.048029 -0.074835 0.448279 -11.223297 434.525095 -1.201377 
1 -10.960180 0.010602 0.051513 0.206201 -4.187456 434.519920 -1.201377 
1 -30.419206 0.071292 -0.012355 0.677884 -3.496368 434.464192 -1.201377 
1 -38.070867 0.037120 -0.011495 0.468417 -8.949156 434.507757 -1.201377 
1 -10.930247 0.015981 -0.110256 0.313579 -5.200939 434.211783 -1.201377 
1 -28.781042 0.175710 -0.005467 0.320306 -6.434212 434.109806 -1.201377 
1 -23.708872 0.086388 -0.078533 0.600188 -3.664669 434.605096 -1.287783 
1 -28.741956 0.001098 -0.076901 0.318545 -9.796329 434.115332 -1.287783 
1 -30.231336 0.045256 -0.078369 0.629267 -6.084766 434.261454 -1.287783 
1 -28.520984 0.073731 -0.048019 0.531426 -5.875403 434.319836 -1.287783 
1 -6.549416 0.031664 -0.025126 0.247734 -3.610805 434.058529 -1.287783 
1 -2.436913 0.031040 -0.051006 0.211537 -3.217992 434.663019 -1.287783 
1 0.838628 0.103659 -0.006432 0.160974 -0.488838 434.132988 -1.287783 
1 -5.554833 0.048030 -0.057829 0.238249 -3.788684 434.435526 -1.287783 
1 -33.694413 0.070536 -0.058027 0.603667 -6.853533 434.995176 -1.287783 
1 -29.218487 0.176912 -0.004080 0.323445 -6.482690 434.105516 -1.287783 
1 -26.012533 0.026323 -0.058837 0.449098 -6.869709 434.632982 -1.385833 
1 -29.314277 0.136115 -0.090275 0.479344 -6.733077 434.379181 -1.385833 
1 -29.619515 0.087745 -0.068235 0.625837 -5.356954 434.269553 -1.385833 
1 -1.199576 -0.033407 -0.104064 0.252616 -2.406334 434.390738 -1.385833 
1 -4.552396 0.024040 -0.019080 0.222584 -3.515288 434.032040 -1.385833 
1 -4.641312 0.051483 -0.088453 0.265389 -2.927994 434.736964 -1.385833 
1 -38.069294 0.041849 -0.018147 0.785779 -5.494507 434.633073 -1.385833 
1 -27.922418 0.103761 -0.033885 0.387819 -6.956365 434.823278 -1.385833 
1 -19.343404 0.069519 -0.089975 0.440581 -4.891648 434.634212 -1.385833 
1 -22.332454 -0.030482 0.004523 0.276005 -8.220955 434.307316 -1.385833 
1 -22.218308 0.131812 -0.049487 0.538763 -2.539398 434.493894 -1.444897 
1 -7.044024 -0.052177 -0.095831 0.318939 -4.374743 434.082633 -1.444897 
1 -24.536983 0.082363 -0.074459 0.368024 -7.100642 433.853239 -1.444897 
1 -1.972393 0.036310 -0.085857 0.228967 -2.674630 434.070954 -1.444897 
1 -16.183431 -0.030541 -0.056970 0.323983 -6.627863 434.412687 -1.444897 
1 -0.125443 0.086638 -0.026539 0.230199 1.806784 434.315825 -1.444897 
1 -32.223730 0.112436 -0.104044 0.654324 -6.321342 434.574927 -1.444897 
1 0.234343 0.063086 -0.041446 0.233080 0.220672 433.603638 -1.444897 
1 -10.701412 -0.001890 -0.037244 0.174033 -2.532392 434.511648 -1.444897 
1 -4.138564 -0.015563 0.010626 0.238989 -0.755934 434.402920 -1.444897 
1 -31.963570 0.007648 -0.044660 0.557261 -7.125683 434.687172 -1.518127 
1 -3.626210 0.070253 -0.081102 0.214299 -2.756557 433.918107 -1.518127 
1 -25.106486 0.089459 -0.079738 0.382149 -7.041993 433.749978 -1.518127 
1 -20.756268 0.175027 -0.010829 0.250037 -4.817024 434.056345 -1.518127 
1 -5.199780 -0.046546 0.000004 0.203632 -2.152060 434.483313 -1.518127 
1 -2.660690 0.055537 -0.048339 0.197639 -3.114322 434.617467 -1.518127 
1 -23.702231 0.117220 -0.051929 0.468219 -4.651584 434.074882 -1.518127 
1 -23.838194 0.120053 -0.042538 0.562725 -2.826933 433.956468 -1.518127 
1 -0.315106 0.039145 0.014431 0.180427 -1.113841 434.685926 -1.518127 
1 -11.572671 -0.066321 0.003990 0.205533 -5.324136 434.696279 -1.518127 
1 -39.608219 -0.006454 0.005146 0.669611 -7.153557 434.462306 -1.596396 
1 -29.800277 -0.053048 -0.025025 0.773895 -3.118994 434.453445 -1.596396 
1 -8.393083 0.044564 0.033164 0.176293 -5.114663 434.203247 -1.596396 
1 -3.623873 -0.035360 -0.043794 0.240998 -3.365387 434.612820 -1.596396 
1 -0.629370 -0.023280 -0.025970 0.215100 -0.431196 434.152230 -1.596396 
1 -2.053393 0.052031 -0.049799 0.192422 -2.871525 434.586715 -1.596396 
1 -33.361972 -0.052027 -0.001940 0.628216 -6.147929 434.405608 -1.596396 
1 -8.739654 -0.017479 0.013182 0.269630 -2.517877 434.113604 -1.596396 
1 -0.530765 0.023552 0.016633 0.175500 -0.547633 434.800840 -1.596396 
1 -33.458906 0.062034 -0.025462 0.642226 -5.724021 434.176665 -1.596396 
1 -13.654027 -0.099535 -0.016031 0.275081 -6.316797 434.911171 -1.669654 
1 -27.163391 0.023917 -0.053172 0.594463 -5.123924 434.054056 -1.669654 
1 -6.598923 0.008182 -0.036397 0.261170 -3.837521 434.153023 -1.669654 
1 -1.793562 0.086498 -0.088862 0.232922 -1.068378 433.980651 -1.669654 
1 -31.650848 0.056811 -0.008780 0.728477 -3.223606 434.275267 -1.669654 
1 -6.293149 0.015955 0.005144 0.176710 -4.782388 433.886811 -1.669654 
1 -8.525021 0.004388 -0.034697 0.193656 -5.862639 433.891643 -1.669654 
1 -23.225257 -0.053942 -0.010074 0.206468 -9.898218 434.245626 -1.669654 
1 -7.726806 0.063815 -0.096364 0.175191 -2.030384 434.528682 -1.669654 
1 -32.824561 0.044792 -0.028445 0.446031 -8.101066 433.524829 -1.669654 
1 -9.240428 0.009878 -0.004119 0.173014 -5.944507 434.134082 -1.748206 
1 -27.166905 0.126308 -0.033661 0.508652 -4.811085 434.397359 -1.748206 
1 -19.306075 0.118093 -0.090232 0.418861 -4.468896 434.777882 -1.748206 
1 -4.130274 0.088243 -0.076922 0.242450 -2.039373 434.752461 -1.748206 
1 -14.011112 0.036939 -0.126812 0.494911 -2.976280 434.547558 -1.748206 
1 -29.706152 0.099571 -0.025513 0.521514 -5.629876 433.839545 -1.748206 
1 -2.955350 -0.042184 -0.056633 0.331396 0.508542 434.330010 -1.748206 
1 -0.969717 0.050004 0.010167 0.181347 -1.871588 434.359568 -1.748206 
1 -0.354016 0.052810 0.020569 0.190187 0.698017 434.248946 -1.748206 
1 -37.077318 0.049390 -0.043049 0.812619 -5.372447 434.306879 -1.748206 
1 -1.701470 0.028300 -0.032422 0.257789 -0.543181 434.545452 -1.811955 
1 -2.516268 0.039719 -0.101941 0.260313 -2.395654 434.385947 -1.811955 
1 -31.477043 0.139559 -0.018830 0.618766 -4.407123 434.180644 -1.811955 
1 -27.089542 0.105421 -0.080825 0.428582 -6.862958 434.577951 -1.811955 
1 -15.386789 0.033251 -0.002321 0.227295 -6.890248 433.742981 -1.811955 
1 0.713797 0.060491 -0.055045 0.177314 0.766513 434.451047 -1.811955 
1 -0.903079 0.026579 -0.060919 0.231843 -2.144856 434.172428 -1.811955 
1 -0.340768 0.031190 -0.001647 0.191155 -1.449488 434.499110 -1.811955 
1 0.610711 0.053747 0.010906 0.184030 -0.056124 434.293850 -1.811955 
1 -36.726843 0.051414 -0.042814 0.791629 -5.497853 434.307470 -1.811955 
1 -3.560674 0.041273 -0.063492 0.231971 -3.266106 434.503875 -1.875797 
1 -5.802864 0.004391 -0.039433 0.203751 -4.820825 433.938950 -1.875797 
1 -4.820776 0.007011 0.007728 0.265514 1.222021 434.729992 -1.875797 
1 -5.080272 -0.008312 -0.052980 0.273450 -3.378422 434.222429 -1.875797 
1 -7.059150 0.058159 0.000000 0.223168 -3.570018 434.407774 -1.875797 
1 -38.167443 0.041207 -0.027024 0.644503 -7.376160 434.060308 -1.875797 
1 -18.183809 0.126540 -0.040364 0.319293 -4.648708 434.233263 -1.875797 
1 -0.075585 0.029367 -0.014765 0.202350 -1.395720 434.585482 -1.875797 
1 -4.039564 0.092636 0.019769 0.171471 -3.023602 434.349692 -1.875797 
1 -36.817487 0.134757 -0.027217 0.651216 -6.196753 434.290946 -1.875797 
1 -3.038715 0.058701 0.046115 0.152213 -2.841802 434.378029 -1.904655 
1 1.771635 -0.008855 -0.051349 0.226416 1.891294 434.488078 -1.904655 
1 -4.033179 0.074237 -0.028091 0.209799 -2.945949 433.686907 -1.904655 
1 -0.820186 -0.036762 -0.051257 0.233699 -1.497909 434.700586 -1.904655 
1 -0.700342 -0.020047 -0.044802 0.218646 -1.486792 434.457021 -1.904655 
1 -2.413281 0.012773 -0.029665 0.210711 -3.095499 434.356758 -1.904655 
1 -4.763820 0.028076 -0.046932 0.217701 -4.177403 434.332568 -1.904655 
1 -1.618034 0.015219 -0.004154 0.191360 -2.269459 434.365320 -1.904655 
1 -18.624351 -0.064518 -0.024678 0.192412 -5.773679 434.530807 -1.904655 
1 -18.613369 0.121785 -0.039612 0.265237 -5.713535 434.777782 -1.904655 
1 -2.866380 0.058212 0.045070 0.152387 -2.771709 434.380834 -1.945214 
1 1.939908 0.018895 -0.074040 0.215299 0.239006 433.938903 -1.945214 
1 -22.546232 0.108994 -0.072562 0.584726 -2.937028 434.263843 -1.945214 
1 -5.631984 -0.020430 -0.058554 0.214998 -4.528406 434.994385 -1.945214 
1 -10.849866 -0.031873 -0.042554 0.303472 -5.001976 434.691787 -1.945214 
1 -2.413281 0.012773 -0.029665 0.210711 -3.095499 434.356758 -1.945214 
1 -5.470252 0.027541 -0.045120 0.228239 -4.232984 434.324362 -1.945214 
1 -4.067510 -0.013483 0.003304 0.235238 -1.671402 434.117897 -1.945214 
1 -3.210032 0.053560 0.009360 0.217175 -1.060477 433.864542 -1.945214 
1 -7.573751 -0.017407 -0.047900 0.218128 -5.470525 434.621761 -1.945214 
1 -5.023147 0.039444 -0.038559 0.195105 -4.427495 434.844649 -2.006988 
1 -7.321502 0.027931 0.027721 0.186789 -4.531155 434.257923 -2.006988 
1 -20.011158 0.074443 0.012856 0.216257 -7.564075 434.052406 -2.006988 
1 -16.381670 0.046763 -0.011548 0.236851 -6.912884 434.185287 -2.006988 
1 -10.849866 -0.031873 -0.042554 0.303472 -5.001976 434.691787 -2.006988 
1 -6.894833 0.058946 -0.047395 0.219726 -4.401148 434.685310 -2.006988 
1 -3.395974 0.050626 -0.086066 0.205305 -2.965304 434.374773 -2.006988 
1 -15.600192 0.008690 -0.062211 0.267543 -7.173609 434.323409 -2.006988 
1 2.662841 0.089335 -0.023737 0.165637 1.937309 434.534994 -2.006988 
1 -7.383097 -0.062650 -0.047529 0.281585 -4.457043 434.555448 -2.006988 
1 -2.123973 0.068242 -0.041322 0.219713 -2.049488 434.290382 -2.077140 
1 -9.129908 -0.021819 -0.080640 0.293950 -5.199027 435.056333 -2.077140 
1 -14.864950 0.010040 -0.034983 0.233633 -7.366947 434.159264 -2.077140 
1 -5.169927 0.055943 -0.001133 0.187094 -4.210681 434.784457 -2.077140 
1 -10.849866 -0.031873 -0.042554 0.303472 -5.001976 434.691787 -2.077140 
1 -15.552639 0.001561 -0.087190 0.276198 -7.240840 434.521754 -2.077140 
1 -29.341836 0.091469 -0.089300 0.467661 -7.333934 434.677498 -2.077140 
1 -5.221162 0.108700 -0.038518 0.226132 -1.993115 434.712833 -2.077140 
1 -7.144426 0.003895 -0.024878 0.210921 -5.195841 433.960926 -2.077140 
1 0.089854 0.015861 -0.052446 0.195725 -0.722063 433.765568 -2.077140 
1 -2.355923 0.104792 -0.091068 0.182810 0.862734 434.213210 -2.132858 
1 -21.542432 -0.021990 -0.090047 0.550209 -4.983286 435.064644 -2.132858 
1 -2.456026 0.026310 -0.004727 0.175734 -3.041809 434.647186 -2.132858 
1 -6.748333 0.014647 -0.001782 0.168971 -4.775933 434.379611 -2.132858 
1 -8.859083 -0.022654 -0.024502 0.253000 -5.061373 434.745227 -2.132858 
1 1.827041 0.075686 -0.001051 0.166401 -0.233761 434.152029 -2.132858 
1 -27.592614 0.189972 -0.009156 0.481500 -3.844651 434.439681 -2.132858 
1 -0.930606 0.071271 -0.033327 0.208822 -1.556102 434.585690 -2.132858 
1 -1.959318 0.076267 -0.033958 0.206315 -2.051969 433.781579 -2.132858 
1 -1.026715 0.028683 -0.076657 0.194306 -0.796983 434.473864 -2.132858 
1 -0.321027 0.047642 -0.038477 0.257776 2.204284 433.900868 -2.233750 
1 -33.796772 -0.017008 -0.005719 0.628819 -6.125839 434.251016 -2.233750 
1 -3.771513 0.044709 0.009996 0.176061 -3.780381 434.566886 -2.233750 
1 -10.685384 0.090769 -0.093086 0.286346 -3.928865 433.849966 -2.233750 
1 -12.596453 0.017452 -0.044551 0.257781 -6.183724 433.928327 -2.233750 
1 -6.953573 0.106489 -0.051549 0.237152 -2.681347 434.561102 -2.233750 
1 -21.867207 0.119388 -0.064608 0.128576 -0.916060 433.672254 -2.233750 
1 -12.488237 0.053732 -0.026996 0.248597 -5.538538 434.332252 -2.233750 
1 -16.449897 -0.049571 -0.014330 0.271547 -7.147454 434.132619 -2.233750 
1 -11.910625 0.134459 -0.061390 0.281533 -2.999971 434.321675 -2.233750 
1 -0.350055 0.048108 -0.038538 0.258232 2.459983 433.902974 -2.308751 
1 -9.637018 0.069920 -0.023999 0.178834 -5.783057 433.701708 -2.308751 
1 -20.270305 0.130652 -0.115187 0.369578 -5.323105 434.298931 -2.308751 
1 -5.709871 0.068614 -0.100768 0.313740 -1.964471 434.919536 -2.308751 
1 -1.847307 0.113753 -0.052894 0.194985 -0.544633 434.712351 -2.308751 
1 -11.073836 -0.011346 -0.007507 0.189634 -6.562040 434.402820 -2.308751 
1 -23.552934 0.102939 -0.051680 0.335298 -6.682892 434.269104 -2.308751 
1 -2.400477 -0.023494 -0.027774 0.248622 -1.784233 434.172801 -2.308751 
1 -12.443211 0.030599 0.002945 0.230349 -5.787941 434.211611 -2.308751 
1 -1.605861 0.060256 0.000475 0.168895 -2.875675 434.533898 -2.308751 
1 -10.620235 0.041885 -0.028387 0.232369 -5.575606 434.489670 -2.364150 
1 -12.268977 0.059554 -0.022005 0.220962 -5.980803 434.223013 -2.364150 
1 -6.661368 0.067505 -0.019349 0.209339 -4.124955 433.714649 -2.364150 
1 -0.428277 0.069563 0.018367 0.158613 -1.900331 433.575423 -2.364150 
1 -4.108010 0.021698 -0.026458 0.235407 -3.062344 434.008916 -2.364150 
1 0.171161 0.014566 -0.012706 0.213994 -0.297863 434.503603 -2.364150 
1 -17.506662 0.104372 -0.047458 0.128064 -1.730444 434.121352 -2.364150 
1 -2.208262 -0.029603 -0.027362 0.250009 -1.508411 434.196552 -2.364150 
1 -4.162320 -0.065975 -0.013692 0.263732 -1.493239 434.761988 -2.364150 
1 -4.122708 0.045274 0.016076 0.197549 -2.845299 434.411376 -2.364150 
1 -0.450561 -0.034183 -0.070683 0.286380 -0.845868 434.886409 -2.415400 
1 -12.238331 0.060103 -0.029743 0.233561 -5.744985 434.538967 -2.415400 
1 -2.521683 0.022606 0.026002 0.165172 -1.835527 434.278638 -2.415400 
1 0.590462 0.061639 -0.105294 0.212908 0.036586 433.984575 -2.415400 
1 -3.937508 0.031549 -0.044049 0.215636 -3.793576 434.021408 -2.415400 
1 -7.953302 0.006373 -0.017672 0.224862 -5.076891 434.281882 -2.415400 
1 -9.216855 0.112075 -0.065475 0.304255 -2.108325 434.541852 -2.415400 
1 0.214890 -0.011889 -0.032920 0.224943 -0.491290 434.201415 -2.415400 
1 -3.373294 -0.046625 -0.042407 0.293456 -1.473316 434.530855 -2.415400 
1 -3.052393 0.085282 -0.036523 0.193092 -2.645185 434.292202 -2.415400 
1 -0.794268 -0.009590 -0.049221 0.269301 -0.428552 433.834938 -2.468903 
1 -12.596940 0.062873 -0.035829 0.237267 -5.774375 434.521624 -2.468903 
1 -1.076724 0.049794 -0.073327 0.233281 -1.879984 434.157610 -2.468903 
1 1.329557 0.069821 -0.082608 0.228426 0.244616 433.991287 -2.468903 
1 -1.773970 0.033910 -0.005499 0.225960 -1.004140 434.939797 -2.468903 
1 0.827424 0.009078 -0.025934 0.198631 0.216969 433.849692 -2.468903 
1 -7.643934 0.018740 -0.007473 0.190134 -5.501571 434.481880 -2.468903 
1 -3.069735 0.006530 -0.028117 0.232257 -2.847478 434.314430 -2.468903 
1 -13.411057 -0.011255 -0.033729 0.269954 -6.319570 433.912561 -2.468903 
1 -2.541648 -0.041541 -0.050567 0.266553 -2.267914 434.191019 -2.468903 
1 -0.600201 -0.031719 -0.052129 0.219734 -0.333194 435.052071 -2.522405 
1 -6.445113 -0.054160 -0.050488 0.235081 -4.632031 434.402478 -2.522405 
1 -8.720411 -0.077036 -0.017397 0.239904 -4.704570 433.915419 -2.522405 
1 -13.608218 0.057400 0.046811 0.186410 -6.098164 434.802696 -2.522405 
1 -3.997967 0.079897 -0.046357 0.212551 -2.848654 434.059783 -2.522405 
1 -0.265590 0.039037 -0.045455 0.212501 -1.864279 434.112732 -2.522405 
1 -6.262917 0.030797 -0.031030 0.210462 -4.761014 434.383600 -2.522405 
1 0.439720 0.015750 -0.054023 0.202509 -1.080081 434.397737 -2.522405 
1 -2.511550 0.052733 -0.053888 0.204036 -3.006455 434.718658 -2.522405 
1 -2.323680 0.030903 0.012509 0.218157 0.077588 433.943887 -2.522405 
1 -0.554951 0.053196 -0.011670 0.175602 -2.225151 433.813382 -2.571845 
1 -1.378667 0.036788 -0.038423 0.173319 -1.275225 433.803825 -2.571845 
1 -7.653613 0.006011 -0.044816 0.275827 -4.113858 434.613998 -2.571845 
1 -12.163535 -0.010594 -0.007239 0.241593 -6.045481 434.190548 -2.571845 
1 -0.278964 0.050367 -0.070044 0.223079 -1.600849 434.553180 -2.571845 
1 -3.341391 0.098483 -0.079165 0.180427 -0.890433 434.114858 -2.571845 
1 -5.113689 0.066909 -0.036229 0.223846 -3.327476 434.501723 -2.571845 
1 2.142144 0.001834 -0.051987 0.233064 1.556288 434.357144 -2.571845 
1 -5.274601 0.104054 -0.067460 0.272987 -1.209823 434.264093 -2.571845 
1 -4.008909 -0.054603 -0.026138 0.272259 -1.910305 434.374533 -2.571845 
1 -4.063183 0.098690 -0.018773 0.194382 -2.578011 434.887423 -2.583109 
1 0.387896 0.055022 -0.092614 0.217587 -0.811705 434.632744 -2.583109 
1 -0.643332 0.026458 0.007057 0.176640 -1.403602 434.593173 -2.583109 
1 2.520282 0.083017 -0.031980 0.169176 2.155019 434.262297 -2.583109 
1 0.495442 0.047030 -0.054217 0.197685 -1.397377 434.361303 -2.583109 
1 -4.931942 -0.020984 -0.009431 0.190852 -2.986257 434.205482 -2.583109 
1 -2.332317 0.057864 -0.040053 0.218128 -2.430985 433.661628 -2.583109 
1 -0.979669 -0.002888 -0.049353 0.201961 -1.383180 434.391612 -2.583109 
1 -1.173352 0.111525 -0.062262 0.249585 1.484535 434.360633 -2.583109 
1 2.589337 0.090567 -0.034968 0.197897 3.450992 434.465674 -2.583109 
1 -5.846896 0.047304 -0.102148 0.193642 -3.118518 433.850552 -2.614022 
1 -2.163547 0.077548 -0.064410 0.171687 -1.157395 434.164284 -2.614022 
1 -5.231566 -0.024656 -0.037425 0.264965 -3.451573 434.660448 -2.614022 
1 -1.772383 0.088566 0.004676 0.171414 -2.285300 433.987580 -2.614022 
1 -1.050710 0.055077 -0.025733 0.182528 -2.522848 434.406806 -2.614022 
1 -3.400370 0.017416 -0.063581 0.188478 -2.496748 433.811896 -2.614022 
1 -0.815606 0.090681 -0.024555 0.199655 -1.045264 434.929535 -2.614022 
1 1.834394 0.011988 -0.043839 0.206882 0.861243 434.604199 -2.614022 
1 -4.167232 0.043782 -0.075045 0.262771 -2.836726 433.994271 -2.614022 
1 0.472853 0.095051 -0.054510 0.211593 0.256989 434.700843 -2.614022 
1 -6.635393 0.028324 -0.066887 0.271120 -3.877938 433.828455 -2.652072 
1 -5.239541 0.048697 0.043762 0.150773 -4.114581 434.220760 -2.652072 
1 -2.111228 0.072518 -0.021353 0.191443 -2.575155 434.132845 -2.652072 
1 -5.762896 0.079915 -0.024375 0.206890 -3.594645 433.982178 -2.652072 
1 -2.398644 0.058406 -0.001968 0.146035 0.183235 434.286630 -2.652072 
1 -0.105706 0.035795 -0.044684 0.237409 -0.934699 434.786791 -2.652072 
1 -4.743263 0.058302 -0.024887 0.216064 -3.400897 433.801727 -2.652072 
1 -0.476558 0.002441 -0.007001 0.219731 0.000121 434.601503 -2.652072 
1 -2.055987 0.041466 -0.084755 0.260104 -2.025670 434.011060 -2.652072 
1 2.808307 0.068140 -0.068669 0.200174 3.046911 435.074279 -2.652072 
1 -10.090867 0.165280 -0.018333 0.245453 -1.084774 434.650383 -2.685823 
1 -4.396033 0.047552 0.029208 0.152546 -4.029212 434.248547 -2.685823 
1 -0.400239 0.088748 -0.039810 0.199506 -0.976445 434.175721 -2.685823 
1 -4.945667 0.055992 -0.051957 0.223609 -3.662707 434.171892 -2.685823 
1 1.174210 0.060659 -0.003379 0.158334 2.199939 434.354993 -2.685823 
1 -0.885479 -0.055586 -0.077528 0.271964 -1.761032 434.438613 -2.685823 
1 1.672433 0.036381 -0.118137 0.232419 0.249809 433.598286 -2.685823 
1 -7.171558 0.025732 -0.015924 0.222819 -4.595961 434.279795 -2.685823 
1 -0.904157 0.066394 -0.032264 0.161263 -1.291813 434.173713 -2.685823 
1 1.902345 0.103414 -0.074850 0.217330 3.443218 434.700838 -2.685823 
1 -1.512548 -0.012507 -0.027207 0.205671 -1.926114 434.676567 -2.722680 
1 -4.470608 0.043708 0.025403 0.156627 -4.068061 434.274617 -2.722680 
1 -0.888714 -0.006005 0.001503 0.194052 1.224078 434.625386 -2.722680 
1 0.766813 0.066709 -0.046860 0.215172 -0.480704 434.205309 -2.722680 
1 -2.154208 0.059671 -0.002237 0.222121 -0.731330 434.529666 -2.722680 
1 -3.908410 0.097865 -0.075614 0.245327 -1.523092 434.399160 -2.722680 
1 2.331839 0.028626 -0.117518 0.260248 0.576426 433.737318 -2.722680 
1 -8.498129 0.040974 -0.026914 0.241072 -4.561337 434.373892 -2.722680 
1 -5.757987 0.042824 -0.001624 0.214969 -3.543269 433.670844 -2.722680 
1 -4.533718 0.049194 -0.061423 0.177674 -3.243590 434.685729 -2.722680 
1 2.571106 0.045892 -0.040756 0.200210 0.692209 434.258850 -2.741774 
1 -3.889979 0.039911 -0.007130 0.222582 -2.585007 434.440092 -2.741774 
1 -1.498159 -0.012231 -0.068732 0.212214 -1.702524 434.802756 -2.741774 
1 1.018900 0.086407 -0.002931 0.166734 -0.815162 433.948765 -2.741774 
1 1.683106 0.068180 -0.011225 0.159680 0.367401 433.926365 -2.741774 
1 0.740558 0.051632 -0.089181 0.230301 -0.760422 433.795217 -2.741774 
1 1.916164 -0.028973 -0.086411 0.246350 1.931323 434.130951 -2.741774 
1 -9.220684 0.058972 0.004171 0.199348 -5.187282 434.089965 -2.741774 
1 0.646826 0.067634 -0.028042 0.191752 -1.105166 434.303390 -2.741774 
1 -7.260802 0.050748 0.017138 0.219831 -3.288394 434.638417 -2.741774 
1 0.179209 0.052734 -0.065446 0.202649 -1.419867 434.527373 -2.756034 
1 -4.064344 0.037199 -0.007651 0.225785 -2.593997 434.439505 -2.756034 
1 0.837558 0.061892 -0.057142 0.201397 -0.910473 434.683715 -2.756034 
1 1.400774 0.083441 0.020213 0.153540 -0.416868 433.770464 -2.756034 
1 1.669339 0.067841 -0.011558 0.159269 0.560199 433.896296 -2.756034 
1 1.713527 0.062239 -0.046885 0.197123 -0.310549 434.396534 -2.756034 
1 1.523137 -0.035792 -0.079235 0.245555 1.628278 434.162352 -2.756034 
1 -1.978397 0.083406 0.021875 0.190851 -0.529345 434.119276 -2.756034 
1 -5.636038 0.095879 -0.055065 0.246809 -2.271008 434.620832 -2.756034 
1 -6.991592 0.048489 0.012427 0.222524 -3.281485 434.645951 -2.756034 
1 0.110044 0.071829 -0.043375 0.165551 0.510118 434.565897 -2.774580 
1 -5.538524 0.035600 -0.001822 0.236643 -2.652056 434.423531 -2.774580 
1 -7.055780 -0.028931 -0.043800 0.279333 -4.055652 434.064879 -2.774580 
1 2.474357 0.077463 0.004717 0.170102 1.586491 434.015162 -2.774580 
1 2.417718 0.067096 -0.008909 0.167605 0.834967 433.928997 -2.774580 
1 -4.667922 0.037330 -0.059290 0.252659 -3.237937 433.487513 -2.774580 
1 1.293195 0.042228 -0.090900 0.223600 -0.495142 434.779905 -2.774580 
1 0.578255 0.086962 0.004720 0.178408 -0.318867 433.985181 -2.774580 
1 -0.206112 0.010397 -0.008642 0.209973 -0.533068 434.349413 -2.774580 
1 -3.363219 -0.011452 -0.030777 0.227116 -3.264513 434.347113 -2.774580 
1 -2.175090 0.075183 -0.053762 0.186794 -2.429112 433.631357 -2.804817 
1 -1.289885 0.078662 -0.045960 0.193959 -1.936664 434.194696 -2.804817 
1 -15.290273 0.043795 -0.007606 0.208470 -7.297432 434.149689 -2.804817 
1 -1.692661 0.035947 -0.040752 0.216115 -2.606112 434.355575 -2.804817 
1 2.460059 0.071493 -0.014280 0.164898 2.292802 433.994145 -2.804817 
1 -2.372576 -0.001588 -0.021546 0.257815 -0.904081 434.753787 -2.804817 
1 1.124571 0.045711 -0.075339 0.224972 -0.725347 434.887735 -2.804817 
1 -2.080772 0.072999 -0.053081 0.212564 -2.177922 433.832670 -2.804817 
1 0.729448 0.030505 -0.093600 0.278622 0.127880 434.029668 -2.804817 
1 -2.372027 -0.005649 -0.072503 0.222885 -3.152603 434.311762 -2.804817 
1 -1.353629 0.019538 -0.057961 0.243396 -2.081639 433.621014 -2.830190 
1 -3.152511 0.042255 0.015636 0.188154 -2.716246 434.049937 -2.830190 
1 -7.791383 0.160917 -0.005567 0.216701 -0.518069 434.013847 -2.830190 
1 0.078980 0.005919 -0.014373 0.202319 -0.598126 434.267725 -2.830190 
1 2.714618 0.000840 -0.091405 0.269037 3.181009 434.711836 -2.830190 
1 -4.361431 0.006870 -0.007380 0.260026 -1.050283 433.961243 -2.830190 
1 -0.851262 0.018083 -0.033572 0.238920 -1.066607 433.800664 -2.830190 
1 0.858634 0.091632 -0.055212 0.188117 0.075804 434.261367 -2.830190 
1 -2.496962 -0.022101 -0.046094 0.228231 -3.005022 434.798846 -2.830190 
1 -2.885151 0.005598 -0.036096 0.211072 -3.418608 434.407569 -2.830190 
1 -3.077336 0.016776 -0.064763 0.273250 -2.315062 434.421173 -2.856633 
1 -2.950938 0.026708 -0.009232 0.172518 -3.199955 434.054542 -2.856633 
1 0.741670 0.116520 -0.048387 0.171255 1.838164 434.154060 -2.856633 
1 0.714760 0.023809 -0.009571 0.181023 0.514381 434.358596 -2.856633 
1 -2.195331 0.040180 0.040379 0.159849 -1.512298 433.940475 -2.856633 
1 -0.757527 0.028203 -0.059831 0.188803 -1.072660 434.081674 -2.856633 
1 2.637587 0.038541 -0.076368 0.240592 1.265653 433.931872 -2.856633 
1 -0.951655 0.014959 -0.048116 0.238833 -1.848441 434.295307 -2.856633 
1 -4.036050 0.013145 -0.052559 0.219813 -4.007181 434.715205 -2.856633 
1 -1.623117 0.085148 -0.049609 0.170830 -1.465427 434.580213 -2.856633 
1 1.923592 0.071565 -0.048716 0.197017 0.125761 434.131186 -2.908819 
1 1.325489 0.031697 -0.036071 0.192439 -0.480867 434.271283 -2.908819 
1 -2.613044 0.111699 -0.027898 0.188652 -1.474882 434.338746 -2.908819 
1 0.764450 0.029833 -0.008351 0.179859 2.691907 434.344425 -2.908819 
1 -9.924861 -0.031754 -0.030165 0.267843 -5.205124 433.705510 -2.908819 
1 -2.068353 0.013684 -0.060038 0.209094 -3.045770 434.077541 -2.908819 
1 -1.297140 0.026154 -0.073975 0.192662 -0.973912 433.774034 -2.908819 
1 0.345003 0.074896 0.019930 0.184743 1.108319 434.517073 -2.908819 
1 -4.036050 0.013145 -0.052559 0.219813 -4.007181 434.715205 -2.908819 
1 -5.001857 -0.003522 0.003078 0.185242 -3.727380 434.396372 -2.908819 
1 -5.291703 0.039841 -0.015616 0.158503 2.210055 434.614163 -2.953278 
1 -5.656238 0.005359 -0.064514 0.267571 -3.908780 434.684958 -2.953278 
1 -0.275438 0.111211 -0.037919 0.196722 0.153752 434.150339 -2.953278 
1 -4.851005 0.060738 -0.014253 0.225541 -2.788724 434.164723 -2.953278 
1 -0.954773 0.042613 -0.106388 0.213110 -1.331753 434.350406 -2.953278 
1 -1.039186 -0.050798 -0.052247 0.261463 -1.100179 433.870589 -2.953278 
1 0.715713 -0.017252 -0.058761 0.278148 2.069930 434.713001 -2.953278 
1 -4.371891 0.010029 -0.017677 0.171105 -0.951700 434.136823 -2.953278 
1 -0.329311 0.036497 0.016505 0.159889 0.706678 434.295752 -2.953278 
1 -0.025084 -0.037175 -0.073008 0.257139 -1.316386 434.261920 -2.953278 
1 1.420720 0.010930 -0.063276 0.261296 1.343663 433.635206 -2.956737 
1 -5.983508 0.005206 -0.060004 0.266958 -3.955285 433.839253 -2.956737 
1 0.432657 0.065590 -0.041716 0.174240 -0.919958 434.197607 -2.956737 
1 -1.076462 0.005043 -0.073026 0.235015 -2.495665 434.851029 -2.956737 
1 0.986859 0.047269 -0.057382 0.238420 -0.054856 434.359555 -2.956737 
1 -1.962332 0.028451 -0.072037 0.275289 -1.513481 434.056761 -2.956737 
1 1.416947 -0.017289 -0.060915 0.259161 0.707548 434.776953 -2.956737 
1 0.739921 0.041988 -0.066079 0.208100 -1.212040 433.963528 -2.956737 
1 0.461132 0.033659 -0.072102 0.246116 -0.886796 434.321998 -2.956737 
1 2.069719 0.049435 -0.036785 0.181659 1.338790 434.733730 -2.956737 
1 -4.596932 -0.006488 -0.047785 0.219219 -4.255030 434.316516 -3.009383 
1 -0.372508 0.006259 -0.060116 0.216627 -1.989653 433.892574 -3.009383 
1 1.029252 -0.012339 -0.074705 0.241951 -0.798585 433.983208 -3.009383 
1 0.259402 0.010795 -0.056989 0.251266 -0.808183 434.629145 -3.009383 
1 -0.603635 0.038827 -0.061518 0.230058 -1.841552 434.628025 -3.009383 
1 1.463918 0.084057 -0.018970 0.188203 0.109676 434.186988 -3.009383 
1 -5.954103 0.015195 -0.079970 0.290854 -3.518436 434.485461 -3.009383 
1 -9.089614 0.071184 0.002109 0.188389 -5.287165 434.192559 -3.009383 
1 0.455424 -0.046644 -0.062314 0.267070 0.033388 434.472975 -3.009383 
1 -3.688121 0.006589 -0.013925 0.187814 -3.514997 434.015457 -3.009383 
1 -8.260445 -0.003690 -0.026460 0.257438 -4.550323 434.283124 -3.060229 
1 -0.766347 -0.015197 -0.070945 0.225371 -1.963055 434.004145 -3.060229 
1 0.437480 -0.003036 -0.045784 0.229828 -0.970964 434.253107 -3.060229 
1 2.490493 0.032049 -0.056690 0.234943 2.698219 433.904404 -3.060229 
1 2.103474 0.053345 -0.012779 0.185189 0.447956 434.184809 -3.060229 
1 -7.688894 0.055461 -0.006190 0.206985 -4.680112 434.819919 -3.060229 
1 -7.044273 0.032878 -0.072646 0.284011 -3.730888 434.516881 -3.060229 
1 -0.861882 0.098284 -0.025934 0.186343 -1.182601 435.054352 -3.060229 
1 -2.402396 -0.053208 -0.050545 0.272182 -1.987035 434.373356 -3.060229 
1 -0.185463 0.025004 -0.041313 0.248345 -0.205139 433.893404 -3.060229 
1 1.840710 0.061932 -0.034791 0.205029 0.249656 434.047785 -3.050768 
1 0.078457 0.011200 -0.065171 0.222013 -1.774117 434.195252 -3.050768 
1 1.540064 0.014806 -0.045192 0.212545 -0.184250 433.955432 -3.050768 
1 2.054566 0.028039 -0.053344 0.240602 2.614504 433.815864 -3.050768 
1 0.653372 0.050740 -0.012684 0.199620 -0.593068 434.213171 -3.050768 
1 2.680732 0.052785 -0.041260 0.188040 1.559062 434.330537 -3.050768 
1 -7.362875 0.029446 -0.075774 0.288665 -3.853242 434.566102 -3.050768 
1 3.034772 0.088675 -0.018301 0.171225 2.517280 433.834198 -3.050768 
1 -0.685027 0.015394 -0.048765 0.278307 1.098214 433.975010 -3.050768 
1 1.011138 0.099965 -0.031461 0.181284 0.070713 433.837516 -3.050768 
1 0.063654 0.056694 -0.042524 0.198789 -1.631134 433.483689 -3.043835 
1 -0.109937 0.018615 -0.062849 0.209306 -1.816488 434.187368 -3.043835 
1 1.686799 0.039105 -0.036554 0.200866 -0.368243 434.064209 -3.043835 
1 1.461062 0.040941 -0.062210 0.239115 0.163078 434.068046 -3.043835 
1 1.592979 0.050868 -0.011486 0.197984 0.626182 434.150508 -3.043835 
1 1.834748 0.027633 -0.059824 0.253134 1.984397 434.276218 -3.043835 
1 -5.871889 0.035457 -0.089647 0.279138 -3.515629 433.948663 -3.043835 
1 0.657610 -0.002056 -0.046525 0.231229 -0.843860 434.715743 -3.043835 
1 2.278132 0.055834 -0.033497 0.187201 0.243273 434.239372 -3.043835 
1 -0.825594 -0.001691 -0.019197 0.235798 -0.388113 434.226304 -3.043835 
1 -2.395868 0.046237 -0.042939 0.169154 -1.730146 434.511249 -3.050784 
1 -1.272858 0.006556 -0.091884 0.271145 -2.057181 434.179881 -3.050784 
1 0.697894 0.028889 -0.040226 0.203270 -1.285322 434.156487 -3.050784 
1 2.265647 0.055377 -0.069751 0.245719 3.145778 434.015816 -3.050784 
1 0.920421 0.070446 -0.022866 0.186942 -0.920896 434.360216 -3.050784 
1 1.675885 0.027061 -0.062624 0.254972 1.271403 434.312566 -3.050784 
1 -6.397706 0.036983 0.006081 0.227490 -3.249322 434.851461 -3.050784 
1 1.049385 0.011822 -0.047551 0.216917 -0.859089 434.677020 -3.050784 
1 0.728072 0.085645 -0.027695 0.186048 -0.669570 434.187533 -3.050784 
1 -0.743804 -0.006411 -0.017193 0.228350 -0.538608 434.210335 -3.050784 
1 0.799394 0.079642 -0.026639 0.206952 0.237757 433.857148 -3.035432 
1 1.019805 0.000874 -0.060469 0.242696 -0.586440 434.275864 -3.035432 
1 0.489425 0.026343 -0.039027 0.227622 -0.771214 434.333392 -3.035432 
1 1.077918 0.042395 -0.072700 0.254368 0.265031 434.078809 -3.035432 
1 1.686618 0.050384 -0.016668 0.174771 3.012463 434.354035 -3.035432 
1 1.862236 -0.011297 -0.071993 0.266906 2.760757 434.225070 -3.035432 
1 -1.299913 0.033591 -0.025403 0.221263 -1.817115 434.170172 -3.035432 
1 -1.428973 -0.021412 -0.045265 0.284090 0.142004 433.983942 -3.035432 
1 1.847619 0.035108 -0.024321 0.204980 0.493812 434.320093 -3.035432 
1 -0.112271 0.005775 -0.024878 0.228763 -0.548727 434.251432 -3.035432 
1 -0.797161 0.048752 -0.016609 0.188817 -2.307762 434.723716 -3.011247 
1 1.122702 0.006995 -0.066488 0.226212 -0.897287 434.188270 -3.011247 
1 2.312235 0.041733 -0.074294 0.220928 0.248622 434.505036 -3.011247 
1 -1.343365 0.047708 -0.055115 0.247610 -1.342071 434.131842 -3.011247 
1 0.503707 0.074040 -0.061051 0.181352 -0.301312 433.985671 -3.011247 
1 -0.185754 -0.041217 -0.058730 0.271404 -0.419423 434.223992 -3.011247 
1 0.696255 0.034732 -0.053612 0.210695 -1.345549 434.407554 -3.011247 
1 1.508817 0.000439 -0.070731 0.220806 0.113514 433.812615 -3.011247 
1 3.006484 0.083432 -0.046462 0.187545 2.821128 433.897422 -3.011247 
1 1.454183 0.043018 -0.039046 0.231844 1.013122 434.427655 -3.011247 
1 0.583133 0.057717 0.003441 0.169594 -1.319214 434.630744 -2.977710 
1 -1.743961 -0.013171 -0.061647 0.233796 -2.770142 434.252618 -2.977710 
1 1.852149 0.037868 -0.080983 0.207252 0.572771 434.472715 -2.977710 
1 1.188987 -0.027119 -0.085730 0.290305 0.622984 434.230270 -2.977710 
1 2.042051 0.088652 -0.047334 0.195953 0.943210 433.799721 -2.977710 
1 1.458392 0.012867 -0.055998 0.216357 -0.497307 434.384265 -2.977710 
1 -0.433188 0.032672 -0.081512 0.229505 -1.929582 433.936588 -2.977710 
1 2.805520 0.041827 -0.043463 0.199384 2.338583 434.080619 -2.977710 
1 2.217580 0.070018 -0.066135 0.198402 0.758093 434.079916 -2.977710 
1 1.615967 0.031107 -0.048831 0.245807 2.079781 434.323363 -2.977710 
1 1.319119 0.033114 -0.002415 0.182880 0.518236 434.646302 -2.949597 
1 0.453793 0.006694 -0.051466 0.207410 -1.037254 434.834885 -2.949597 
1 1.798668 0.008542 -0.067361 0.234631 -0.230202 434.630687 -2.949597 
1 -2.059791 0.047371 -0.009274 0.183684 -3.046004 434.592091 -2.949597 
1 2.189299 0.062308 -0.028473 0.205612 1.179696 434.120619 -2.949597 
1 0.152718 0.009785 -0.088272 0.264166 -1.235149 434.086739 -2.949597 
1 -4.670243 0.033772 -0.051740 0.254167 -3.152753 434.138161 -2.949597 
1 2.353658 0.031694 -0.033216 0.202324 1.031038 434.309513 -2.949597 
1 2.757679 0.071030 -0.069059 0.198910 3.432657 434.053196 -2.949597 
1 2.844256 0.041000 -0.059066 0.208759 1.126576 434.295492 -2.949597 
1 2.420686 -0.025212 -0.121493 0.274502 0.413274 434.152020 -2.913111 
1 1.452431 0.104422 -0.051058 0.171524 3.027324 434.532784 -2.913111 
1 1.098298 0.040100 -0.053325 0.247961 0.804592 434.213912 -2.913111 
1 -2.399969 -0.011524 -0.095293 0.235789 -3.127329 433.970636 -2.913111 
1 2.430625 0.028918 -0.059490 0.213452 0.440670 434.718859 -2.913111 
1 -0.660857 0.011411 -0.047777 0.254426 -0.969654 434.288464 -2.913111 
1 1.881890 0.064794 -0.031735 0.209368 0.729146 434.542758 -2.913111 
1 2.423585 0.017937 -0.047210 0.224835 1.329880 434.739254 -2.913111 
1 1.035555 0.071582 -0.023560 0.175071 -0.980950 434.200634 -2.913111 
1 1.529480 0.032948 -0.041854 0.188584 0.773110 434.468497 -2.913111 
1 1.655811 -0.025921 -0.106094 0.268278 -0.356915 434.097044 -2.884311 
1 -1.164881 0.118385 -0.031515 0.168820 -0.399667 434.281882 -2.884311 
1 -0.038245 0.117139 -0.049078 0.187265 0.768567 434.616046 -2.884311 
1 1.879624 0.081584 -0.021119 0.163513 0.204501 434.000373 -2.884311 
1 2.169116 0.037187 -0.057140 0.201525 0.357156 434.671738 -2.884311 
1 -1.001529 -0.007725 -0.080769 0.271201 -1.886148 434.399522 -2.884311 
1 1.452165 0.067148 -0.030745 0.207419 0.192059 434.483229 -2.884311 
1 2.924717 0.041982 -0.043632 0.213366 2.258843 434.788047 -2.884311 
1 -0.725648 0.081679 -0.013127 0.166530 -2.098893 434.277114 -2.884311 
1 0.917194 0.000891 -0.023744 0.214769 0.682278 434.286459 -2.884311 
1 1.253787 0.014749 -0.070580 0.260017 0.272529 433.816579 -2.847268 
1 1.912100 0.023338 -0.030899 0.215291 2.835426 434.453742 -2.847268 
1 -2.383214 -0.027737 -0.026190 0.219717 -2.257803 434.089019 -2.847268 
1 1.656126 0.076326 -0.019656 0.159312 0.627654 434.099667 -2.847268 
1 2.167794 0.037978 -0.052503 0.198247 0.455524 434.865582 -2.847268 
1 2.547163 0.022679 -0.055760 0.213996 1.045437 434.171007 -2.847268 
1 1.153339 0.030891 -0.028219 0.213230 -0.177142 433.997251 -2.847268 
1 1.434755 0.060153 -0.023369 0.172517 -0.467669 434.473778 -2.847268 
1 -1.222372 0.083834 -0.002804 0.174382 -2.134579 434.214303 -2.847268 
1 1.351198 0.006997 -0.026116 0.210570 1.122988 434.248702 -2.847268 
1 2.798831 0.022907 -0.058159 0.224168 1.703949 434.167688 -2.808431 
1 2.029050 0.021081 -0.068916 0.233234 0.029249 434.041750 -2.808431 
1 -0.859884 0.000809 -0.038435 0.202283 -1.862177 434.766368 -2.808431 
1 0.132768 0.004707 -0.051126 0.266404 0.446939 434.183247 -2.808431 
1 0.806487 -0.000203 -0.034343 0.224835 -0.026992 433.929825 -2.808431 
1 1.517879 0.039074 -0.047329 0.234590 0.509438 434.647908 -2.808431 
1 1.939025 0.012815 -0.088370 0.240994 -0.217204 433.868026 -2.808431 
1 -2.137339 -0.038167 -0.070418 0.225141 -1.844158 434.314763 -2.808431 
1 1.795717 0.081616 -0.059743 0.203530 0.576644 434.435283 -2.808431 
1 2.793486 0.040677 -0.095803 0.239333 1.111705 434.012719 -2.808431 
1 0.611611 0.023977 -0.063939 0.256308 -0.232835 434.213143 -2.767724 
1 1.867830 0.029372 -0.086855 0.222090 -0.129609 434.284088 -2.767724 
1 0.802656 0.059715 -0.019726 0.220144 1.067077 434.547030 -2.767724 
1 -0.532343 -0.030496 -0.046060 0.245446 -1.212685 434.543311 -2.767724 
1 2.204149 0.037771 -0.022947 0.190344 1.140682 434.075716 -2.767724 
1 0.888208 0.006703 -0.033397 0.218392 -0.151556 433.602736 -2.767724 
1 1.473356 0.029661 -0.022983 0.214025 0.909697 434.045358 -2.767724 
1 1.971089 0.039606 -0.039148 0.195246 -0.021491 434.164974 -2.767724 
1 1.081300 0.033669 -0.117185 0.222602 0.501290 434.562863 -2.767724 
1 0.850977 0.013398 -0.064477 0.246658 -0.652190 434.121406 -2.767724 
1 2.899602 0.007381 -0.112878 0.281252 1.995200 434.107113 -2.694533 
1 2.660239 0.039136 -0.053778 0.229163 2.295334 434.171295 -2.694533 
1 1.397287 0.064169 -0.022407 0.215490 1.450941 434.540505 -2.694533 
1 -0.316643 -0.002067 -0.026506 0.211522 -1.356554 434.600385 -2.694533 
1 1.294335 0.044920 -0.007423 0.201893 2.777428 434.197947 -2.694533 
1 2.430152 0.052878 -0.029645 0.187311 0.535452 434.289620 -2.694533 
1 1.283196 0.027463 -0.013328 0.198204 0.812492 433.517459 -2.694533 
1 1.521590 0.003583 -0.065027 0.230746 -0.344963 433.671539 -2.694533 
1 1.866432 0.087438 -0.058892 0.201430 0.910669 434.488711 -2.694533 
1 1.870438 0.020774 -0.071768 0.235755 -0.160868 434.148680 -2.694533 
1 1.700128 0.019015 -0.081474 0.251403 -0.059175 433.980539 -2.622784 
1 0.468740 0.048574 -0.046187 0.246105 0.759320 433.708212 -2.622784 
1 0.017120 0.023041 -0.022345 0.207716 -1.429772 434.772307 -2.622784 
1 2.728271 0.051571 -0.108875 0.237525 1.498766 433.687909 -2.622784 
1 1.180716 0.035218 -0.022424 0.205348 -0.289425 434.157358 -2.622784 
1 2.810260 0.067123 -0.026872 0.193308 1.367231 434.809855 -2.622784 
1 2.596419 0.040809 -0.030744 0.204127 1.436905 434.638156 -2.622784 
1 2.637988 0.045564 -0.043976 0.210205 0.908850 434.621028 -2.622784 
1 1.368965 0.087842 -0.068715 0.225053 1.122746 434.665910 -2.622784 
1 2.046599 0.018887 -0.075253 0.238691 0.022477 434.210227 -2.622784 
1 1.996983 0.008846 -0.054621 0.238972 0.941954 434.223687 -2.598225 
1 1.386916 0.002646 -0.067667 0.266602 3.296611 433.673512 -2.598225 
1 -4.451808 0.018084 -0.062237 0.247519 -3.682157 434.484538 -2.598225 
1 2.500366 0.056908 -0.091734 0.218374 1.146877 433.960152 -2.598225 
1 -0.278988 0.031982 0.010631 0.171350 -0.951246 434.346500 -2.598225 
1 2.456068 0.040413 -0.041701 0.209637 0.600676 434.813608 -2.598225 
1 1.270244 0.087202 -0.024186 0.197859 0.449562 434.401545 -2.598225 
1 -0.131929 0.048631 -0.017659 0.206871 -1.225068 434.672743 -2.598225 
1 0.984162 0.093384 -0.053333 0.207117 0.467100 434.745779 -2.598225 
1 0.523169 0.001614 -0.062795 0.269152 0.207527 434.051703 -2.598225 
