#REFERENCE 3 24.1631451 0.1384420
1	-1.740234	-2.652912	-0.103961	0.165754	
1	-1.687500	-2.672843	-0.096526	0.176667	
2	-1.740234	-2.652912	-0.103961	0.165754	
2	-1.780982	-2.636719	-0.109848	0.157396	
3	-1.792969	-2.631988	-0.111682	0.154841	
3	-1.780982	-2.636719	-0.109848	0.157396	
4	-1.898438	-2.587484	-0.128195	0.132779	
4	-1.845703	-2.610341	-0.119833	0.143746	
5	-1.845703	-2.610341	-0.119833	0.143746	
5	-1.792969	-2.631988	-0.111682	0.154841	
6	-1.898438	-2.587484	-0.128195	0.132779	
6	-1.906236	-2.583984	-0.129442	0.131178	
7	-1.951172	-2.563875	-0.137003	0.121646	
7	-1.906236	-2.583984	-0.129442	0.131178	
8	-2.003906	-2.539046	-0.146046	0.110627	
8	-1.951172	-2.563875	-0.137003	0.121646	
9	-2.003906	-2.539046	-0.146046	0.110627	
9	-2.019867	-2.531250	-0.148812	0.107336	
10	-2.373047	-2.333256	-0.218611	0.034359	
10	-2.320312	-2.366466	-0.207283	0.045044	
11	-2.373047	-2.333256	-0.218611	0.034359	
11	-2.392885	-2.320312	-0.222913	0.030404	
12	-2.214844	-2.428856	-0.185580	0.066678	
12	-2.220201	-2.425781	-0.186637	0.065587	
13	-2.109375	-2.486283	-0.165179	0.088558	
13	-2.124025	-2.478516	-0.167899	0.085548	
14	-2.162109	-2.458253	-0.175260	0.077547	
14	-2.124025	-2.478516	-0.167899	0.085548	
15	-2.214844	-2.428856	-0.185580	0.066678	
15	-2.162109	-2.458253	-0.175260	0.077547	
16	-2.267578	-2.398404	-0.196317	0.055776	
16	-2.309523	-2.373047	-0.204982	0.047263	
17	-2.267578	-2.398404	-0.196317	0.055776	
17	-2.220201	-2.425781	-0.186637	0.065587	
18	-2.320312	-2.366466	-0.207283	0.045044	
18	-2.309523	-2.373047	-0.204982	0.047263	
19	-2.425781	-2.298585	-0.230241	0.023794	
19	-2.470947	-2.267578	-0.240392	0.014889	
20	-2.478516	-2.262306	-0.242132	0.013391	
20	-2.470947	-2.267578	-0.240392	0.014889	
21	-2.531250	-2.224501	-0.254366	0.003092	
21	-2.478516	-2.262306	-0.242132	0.013391	
22	-2.425781	-2.298585	-0.230241	0.023794	
22	-2.392885	-2.320312	-0.222913	0.030404	
23	-2.109375	-2.486283	-0.165179	0.088558	
23	-2.056641	-2.513281	-0.155481	0.099544	
24	-2.056641	-2.513281	-0.155481	0.099544	
24	-2.019867	-2.531250	-0.148812	0.107336	
25	-2.531250	-2.224501	-0.254366	0.003092	
25	-2.544316	-2.214844	-0.257428	0.000575	
26	-2.583984	-2.184995	-0.266897	-0.007054	
26	-2.613430	-2.162109	-0.274000	-0.012629	
27	-2.583984	-2.184995	-0.266897	-0.007054	
27	-2.544316	-2.214844	-0.257428	0.000575	
28	-2.636719	-2.143635	-0.279701	-0.017015	
28	-2.613430	-2.162109	-0.274000	-0.012629	
29	-2.636719	-2.143635	-0.279701	-0.017015	
29	-2.678631	-2.109375	-0.290075	-0.024796	
30	-2.794922	-2.007348	-0.319802	-0.045729	
30	-2.742188	-2.054939	-0.306148	-0.036361	
31	-2.794922	-2.007348	-0.319802	-0.045729	
31	-2.798650	-2.003906	-0.320783	-0.046386	
32	-2.847656	-1.957335	-0.333723	-0.054865	
32	-2.798650	-2.003906	-0.320783	-0.046386	
33	-2.847656	-1.957335	-0.333723	-0.054865	
33	-2.854001	-1.951172	-0.335429	-0.055956	
34	-2.900391	-1.904677	-0.347904	-0.063749	
34	-2.854001	-1.951172	-0.335429	-0.055956	
35	-2.900391	-1.904677	-0.347904	-0.063749	
35	-2.906496	-1.898438	-0.349579	-0.064771	
36	-2.689453	-2.100324	-0.292783	-0.026787	
36	-2.740258	-2.056641	-0.305655	-0.036015	
37	-2.689453	-2.100324	-0.292783	-0.026787	
37	-2.678631	-2.109375	-0.290075	-0.024796	
38	-2.742188	-2.054939	-0.306148	-0.036361	
38	-2.740258	-2.056641	-0.305655	-0.036015	
39	-2.953125	-1.849128	-0.362339	-0.072366	
39	-2.906496	-1.898438	-0.349579	-0.064771	
40	-2.953125	-1.849128	-0.362339	-0.072366	
40	-2.956308	-1.845703	-0.363230	-0.072884	
41	-2.956308	-1.845703	-0.363230	-0.072884	
41	-3.003623	-1.792969	-0.376404	-0.080355	
42	-3.005859	-1.790383	-0.377021	-0.080696	
42	-3.048629	-1.740234	-0.389142	-0.087248	
43	-3.005859	-1.790383	-0.377021	-0.080696	
43	-3.003623	-1.792969	-0.376404	-0.080355	
44	-3.058594	-1.728052	-0.391932	-0.088715	
44	-3.048629	-1.740234	-0.389142	-0.087248	
45	-3.058594	-1.728052	-0.391932	-0.088715	
45	-3.091376	-1.687500	-0.401392	-0.093573	
46	-1.054688	-2.849521	-0.032313	0.297783	
46	-1.063741	-2.847656	-0.032897	0.296304	
47	-1.160156	-2.827515	-0.039968	0.279307	
47	-1.107422	-2.838859	-0.035995	0.288659	
48	-1.107422	-2.838859	-0.035995	0.288659	
48	-1.063741	-2.847656	-0.032897	0.296304	
49	-1.265625	-2.802491	-0.048717	0.260170	
49	-1.212891	-2.815402	-0.044210	0.269803	
50	-1.212891	-2.815402	-0.044210	0.269803	
50	-1.160156	-2.827515	-0.039968	0.279307	
51	-1.001953	-2.859751	-0.028993	0.306456	
51	-0.949219	-2.869270	-0.025927	0.314914	
52	-1.054688	-2.849521	-0.032313	0.297783	
52	-1.001953	-2.859751	-0.028993	0.306456	
53	-0.896484	-2.878100	-0.023114	0.323137	
53	-0.843750	-2.886262	-0.020548	0.331103	
54	-0.949219	-2.869270	-0.025927	0.314914	
54	-0.896484	-2.878100	-0.023114	0.323137	
55	-1.476562	-2.743862	-0.069995	0.219566	
55	-1.481876	-2.742188	-0.070579	0.218542	
56	-1.265625	-2.802491	-0.048717	0.260170	
56	-1.294866	-2.794922	-0.051306	0.254825	
57	-1.318359	-2.788949	-0.053564	0.250272	
57	-1.294866	-2.794922	-0.051306	0.254825	
58	-1.371094	-2.774807	-0.058777	0.240092	
58	-1.318359	-2.788949	-0.053564	0.250272	
59	-1.423828	-2.759789	-0.064256	0.229850	
59	-1.371094	-2.774807	-0.058777	0.240092	
60	-1.476562	-2.743862	-0.069995	0.219566	
60	-1.423828	-2.759789	-0.064256	0.229850	
61	-1.634766	-2.691758	-0.089358	0.187605	
61	-1.641136	-2.689453	-0.090177	0.186334	
62	-1.634766	-2.691758	-0.089358	0.187605	
62	-1.582031	-2.710104	-0.082647	0.198254	
63	-1.687500	-2.672843	-0.096526	0.176667	
63	-1.641136	-2.689453	-0.090177	0.186334	
64	-1.582031	-2.710104	-0.082647	0.198254	
64	-1.529297	-2.727443	-0.076182	0.208926	
65	-1.529297	-2.727443	-0.076182	0.208926	
65	-1.481876	-2.742188	-0.070579	0.218542	
66	-0.421875	-2.930740	-0.008331	0.382032	
66	-0.369141	-2.933749	-0.007643	0.386675	
67	-0.369141	-2.933749	-0.007643	0.386675	
67	-0.316406	-2.936214	-0.007097	0.390899	
68	-0.316406	-2.936214	-0.007097	0.390899	
68	-0.263672	-2.938140	-0.006678	0.394693	
69	-0.263672	-2.938140	-0.006678	0.394693	
69	-0.210938	-2.939536	-0.006370	0.398046	
70	-0.210938	-2.939536	-0.006370	0.398046	
70	-0.158203	-2.940406	-0.006157	0.400949	
71	-0.158203	-2.940406	-0.006157	0.400949	
71	-0.105469	-2.940753	-0.006023	0.403397	
72	-0.105469	-2.940753	-0.006023	0.403397	
72	-0.052734	-2.940582	-0.005950	0.405383	
73	-0.052734	-2.940582	-0.005950	0.405383	
73	0.000000	-2.939893	-0.005922	0.406903	
74	-0.738281	-2.900670	-0.016147	0.346168	
74	-0.740365	-2.900391	-0.016220	0.345900	
75	-0.791016	-2.893776	-0.018227	0.338790	
75	-0.740365	-2.900391	-0.016220	0.345900	
76	-0.843750	-2.886262	-0.020548	0.331103	
76	-0.791016	-2.893776	-0.018227	0.338790	
77	-0.738281	-2.900670	-0.016147	0.346168	
77	-0.685547	-2.907173	-0.014349	0.353018	
78	-0.685547	-2.907173	-0.014349	0.353018	
78	-0.632812	-2.913062	-0.012763	0.359542	
79	-0.632812	-2.913062	-0.012763	0.359542	
79	-0.580078	-2.918350	-0.011379	0.365722	
80	-0.580078	-2.918350	-0.011379	0.365722	
80	-0.527344	-2.923051	-0.010186	0.371541	
81	-0.527344	-2.923051	-0.010186	0.371541	
81	-0.474609	-2.927177	-0.009174	0.376982	
82	-0.474609	-2.927177	-0.009174	0.376982	
82	-0.421875	-2.930740	-0.008331	0.382032	
83	-3.164062	-1.590780	-0.422431	-0.103742	
83	-3.170402	-1.582031	-0.424336	-0.104619	
84	-3.170402	-1.582031	-0.424336	-0.104619	
84	-3.206998	-1.529297	-0.435143	-0.109460	
85	-3.216797	-1.514474	-0.437971	-0.110688	
85	-3.206998	-1.529297	-0.435143	-0.109460	
86	-3.216797	-1.514474	-0.437971	-0.110688	
86	-3.241749	-1.476562	-0.445504	-0.113880	
87	-3.111328	-1.661694	-0.407067	-0.096402	
87	-3.131946	-1.634766	-0.413133	-0.099356	
88	-3.111328	-1.661694	-0.407067	-0.096402	
88	-3.091376	-1.687500	-0.401392	-0.093573	
89	-3.164062	-1.590780	-0.422431	-0.103742	
89	-3.131946	-1.634766	-0.413133	-0.099356	
90	-3.269531	-1.431907	-0.453711	-0.117226	
90	-3.274545	-1.423828	-0.455265	-0.117845	
91	-3.274545	-1.423828	-0.455265	-0.117845	
91	-3.305774	-1.371094	-0.464709	-0.121493	
92	-3.269531	-1.431907	-0.453711	-0.117226	
92	-3.241749	-1.476562	-0.445504	-0.113880	
93	-3.322266	-1.341553	-0.469565	-0.123295	
93	-3.335224	-1.318359	-0.473604	-0.124757	
94	-3.322266	-1.341553	-0.469565	-0.123295	
94	-3.305774	-1.371094	-0.464709	-0.121493	
95	-3.335224	-1.318359	-0.473604	-0.124757	
95	-3.363059	-1.265625	-0.482049	-0.127697	
96	-3.375000	-1.241608	-0.485554	-0.128870	
96	-3.363059	-1.265625	-0.482049	-0.127697	
97	-3.375000	-1.241608	-0.485554	-0.128870	
97	-3.389333	-1.212891	-0.490051	-0.130336	
98	-3.389333	-1.212891	-0.490051	-0.130336	
98	-3.414054	-1.160156	-0.497581	-0.132684	
99	-3.427734	-1.128967	-0.501605	-0.133884	
99	-3.437249	-1.107422	-0.504629	-0.134760	
100	-3.427734	-1.128967	-0.501605	-0.133884	
100	-3.414054	-1.160156	-0.497581	-0.132684	
101	-3.437249	-1.107422	-0.504629	-0.134760	
101	-3.459080	-1.054688	-0.511313	-0.136613	
102	-3.480469	-0.998603	-0.517680	-0.138269	
102	-3.498351	-0.949219	-0.523201	-0.139614	
103	-3.459080	-1.054688	-0.511313	-0.136613	
103	-3.479269	-1.001953	-0.517345	-0.138185	
104	-3.480469	-0.998603	-0.517680	-0.138269	
104	-3.479269	-1.001953	-0.517345	-0.138185	
105	-3.498351	-0.949219	-0.523201	-0.139614	
105	-3.515923	-0.896484	-0.528478	-0.140815	
106	-3.515923	-0.896484	-0.528478	-0.140815	
106	-3.532011	-0.843750	-0.533176	-0.141810	
107	-3.533203	-0.839509	-0.533492	-0.141875	
107	-3.547040	-0.791016	-0.537683	-0.142694	
108	-3.533203	-0.839509	-0.533492	-0.141875	
108	-3.532011	-0.843750	-0.533176	-0.141810	
109	-3.547040	-0.791016	-0.537683	-0.142694	
109	-3.560689	-0.738281	-0.541674	-0.143413	
110	-3.560689	-0.738281	-0.541674	-0.143413	
110	-3.572967	-0.685547	-0.545139	-0.143985	
111	-3.572967	-0.685547	-0.545139	-0.143985	
111	-3.583914	-0.632812	-0.548103	-0.144429	
112	-3.585938	-0.621831	-0.548569	-0.144495	
112	-3.583914	-0.632812	-0.548103	-0.144429	
113	-3.585938	-0.621831	-0.548569	-0.144495	
113	-3.593785	-0.580078	-0.550802	-0.144793	
114	-3.593785	-0.580078	-0.550802	-0.144793	
114	-3.602418	-0.527344	-0.553067	-0.145064	
115	-3.602418	-0.527344	-0.553067	-0.145064	
115	-3.609784	-0.474609	-0.554859	-0.145251	
116	-3.609784	-0.474609	-0.554859	-0.145251	
116	-3.615905	-0.421875	-0.556191	-0.145369	
117	-3.615905	-0.421875	-0.556191	-0.145369	
117	-3.620802	-0.369141	-0.557077	-0.145434	
118	-3.620802	-0.369141	-0.557077	-0.145434	
118	-3.624491	-0.316406	-0.557528	-0.145460	
119	-3.624491	-0.316406	-0.557528	-0.145460	
119	-3.626985	-0.263672	-0.557550	-0.145460	
120	-3.626985	-0.263672	-0.557550	-0.145460	
120	-3.628293	-0.210938	-0.557150	-0.145445	
121	-3.628293	-0.210938	-0.557150	-0.145445	
121	-3.628418	-0.158203	-0.556332	-0.145430	
122	-3.628418	-0.158203	-0.556332	-0.145430	
122	-3.627364	-0.105469	-0.555096	-0.145424	
123	-3.627364	-0.105469	-0.555096	-0.145424	
123	-3.625127	-0.052734	-0.553440	-0.145441	
124	-3.625127	-0.052734	-0.553440	-0.145441	
124	-3.621701	0.000000	-0.551361	-0.145492	
125	3.375000	-1.198711	0.474585	-0.070293	
125	3.395338	-1.160156	0.482043	-0.072642	
126	3.395338	-1.160156	0.482043	-0.072642	
126	3.421438	-1.107422	0.491515	-0.075475	
127	3.427734	-1.093956	0.493746	-0.076118	
127	3.446216	-1.054688	0.500715	-0.078064	
128	3.421438	-1.107422	0.491515	-0.075475	
128	3.427734	-1.093956	0.493746	-0.076118	
129	3.446216	-1.054688	0.500715	-0.078064	
129	3.469417	-1.001953	0.509374	-0.080351	
130	3.469417	-1.001953	0.509374	-0.080351	
130	3.480469	-0.975114	0.513420	-0.081369	
131	3.480469	-0.975114	0.513420	-0.081369	
131	3.491233	-0.949219	0.517641	-0.082395	
132	3.491233	-0.949219	0.517641	-0.082395	
132	3.511716	-0.896484	0.525538	-0.084215	
133	3.511716	-0.896484	0.525538	-0.084215	
133	3.530638	-0.843750	0.532823	-0.085776	
134	3.530638	-0.843750	0.532823	-0.085776	
134	3.533203	-0.836079	0.533774	-0.085971	
135	3.533203	-0.836079	0.533774	-0.085971	
135	3.548471	-0.791016	0.539922	-0.087182	
136	3.548471	-0.791016	0.539922	-0.087182	
136	3.564898	-0.738281	0.546512	-0.088382	
137	3.564898	-0.738281	0.546512	-0.088382	
137	3.579899	-0.685547	0.552551	-0.089388	
138	3.579899	-0.685547	0.552551	-0.089388	
138	3.585938	-0.662311	0.554917	-0.089756	
139	3.585938	-0.662311	0.554917	-0.089756	
139	3.593736	-0.632812	0.558279	-0.090254	
140	3.593736	-0.632812	0.558279	-0.090254	
140	3.606375	-0.580078	0.563646	-0.090982	
141	3.606375	-0.580078	0.563646	-0.090982	
141	3.617684	-0.527344	0.568509	-0.091568	
142	3.617684	-0.527344	0.568509	-0.091568	
142	3.627697	-0.474609	0.572888	-0.092030	
143	3.627697	-0.474609	0.572888	-0.092030	
143	3.636444	-0.421875	0.576803	-0.092386	
144	3.636444	-0.421875	0.576803	-0.092386	
144	3.638672	-0.406292	0.577755	-0.092464	
145	3.638672	-0.406292	0.577755	-0.092464	
145	3.644106	-0.369141	0.580422	-0.092662	
146	3.644106	-0.369141	0.580422	-0.092662	
146	3.650584	-0.316406	0.583640	-0.092859	
147	3.650584	-0.316406	0.583640	-0.092859	
147	3.655832	-0.263672	0.586404	-0.092987	
148	3.655832	-0.263672	0.586404	-0.092987	
148	3.659864	-0.210938	0.588724	-0.093061	
149	3.659864	-0.210938	0.588724	-0.093061	
149	3.662693	-0.158203	0.590607	-0.093092	
150	3.662693	-0.158203	0.590607	-0.093092	
150	3.664326	-0.105469	0.592057	-0.093095	
151	3.664326	-0.105469	0.592057	-0.093095	
151	3.664767	-0.052734	0.593079	-0.093081	
152	3.664767	-0.052734	0.593079	-0.093081	
152	3.664016	0.000000	0.593672	-0.093064	
153	0.421875	-2.915556	-0.005206	0.402338	
153	0.474609	-2.910089	-0.004803	0.399747	
154	0.474609	-2.910089	-0.004803	0.399747	
154	0.527344	-2.904057	-0.004278	0.396736	
155	0.527344	-2.904057	-0.004278	0.396736	
155	0.556681	-2.900391	-0.003941	0.394943	
156	0.580078	-2.897554	-0.003599	0.393216	
156	0.632812	-2.890612	-0.002736	0.389160	
157	0.556681	-2.900391	-0.003941	0.394943	
157	0.580078	-2.897554	-0.003599	0.393216	
158	0.685547	-2.883085	-0.001702	0.384712	
158	0.738281	-2.874958	-0.000484	0.379888	
159	0.632812	-2.890612	-0.002736	0.389160	
159	0.685547	-2.883085	-0.001702	0.384712	
160	0.791016	-2.866214	0.000927	0.374705	
160	0.843750	-2.856838	0.002541	0.369182	
161	0.738281	-2.874958	-0.000484	0.379888	
161	0.791016	-2.866214	0.000927	0.374705	
162	0.000000	-2.939893	-0.005922	0.406903	
162	0.052734	-2.938686	-0.005921	0.407954	
163	0.052734	-2.938686	-0.005921	0.407954	
163	0.105469	-2.936962	-0.005929	0.408537	
164	0.105469	-2.936962	-0.005929	0.408537	
164	0.158203	-2.934718	-0.005929	0.408651	
165	0.158203	-2.934718	-0.005929	0.408651	
165	0.210938	-2.931952	-0.005903	0.408299	
166	0.210938	-2.931952	-0.005903	0.408299	
166	0.263672	-2.928658	-0.005834	0.407486	
167	0.263672	-2.928658	-0.005834	0.407486	
167	0.316406	-2.924832	-0.005706	0.406217	
168	0.316406	-2.924832	-0.005706	0.406217	
168	0.369141	-2.920468	-0.005502	0.404498	
169	0.369141	-2.920468	-0.005502	0.404498	
169	0.421875	-2.915556	-0.005206	0.402338	
170	1.318359	-2.745506	0.029096	0.303285	
170	1.329462	-2.742188	0.029976	0.301517	
171	1.265625	-2.760611	0.025017	0.311713	
171	1.318359	-2.745506	0.029096	0.303285	
172	1.476562	-2.696426	0.043502	0.276145	
172	1.497039	-2.689453	0.045531	0.272590	
173	1.529297	-2.678616	0.048997	0.266645	
173	1.582031	-2.660057	0.054853	0.256939	
174	1.497039	-2.689453	0.045531	0.272590	
174	1.529297	-2.678616	0.048997	0.266645	
175	1.634766	-2.640500	0.060971	0.247206	
175	1.644599	-2.636719	0.062131	0.245405	
176	1.582031	-2.660057	0.054853	0.256939	
176	1.634766	-2.640500	0.060971	0.247206	
177	1.644599	-2.636719	0.062131	0.245405	
177	1.687500	-2.620385	0.067565	0.237133	
178	1.329462	-2.742188	0.029976	0.301517	
178	1.371094	-2.729954	0.033599	0.294402	
179	1.371094	-2.729954	0.033599	0.294402	
179	1.423828	-2.713640	0.038417	0.285320	
180	1.423828	-2.713640	0.038417	0.285320	
180	1.476562	-2.696426	0.043502	0.276145	
181	0.843750	-2.856838	0.002541	0.369182	
181	0.892069	-2.847656	0.004199	0.363855	
182	0.949219	-2.836506	0.006528	0.356834	
182	1.001953	-2.825496	0.008921	0.350069	
183	1.001953	-2.825496	0.008921	0.350069	
183	1.054688	-2.813787	0.011557	0.343037	
184	0.892069	-2.847656	0.004199	0.363855	
184	0.896484	-2.846838	0.004374	0.363310	
185	0.896484	-2.846838	0.004374	0.363310	
185	0.949219	-2.836506	0.006528	0.356834	
186	1.212891	-2.774899	0.021201	0.319979	
186	1.265625	-2.760611	0.025017	0.311713	
187	1.160156	-2.788399	0.017650	0.328064	
187	1.212891	-2.774899	0.021201	0.319979	
188	1.054688	-2.813787	0.011557	0.343037	
188	1.107422	-2.801355	0.014439	0.335758	
189	1.107422	-2.801355	0.014439	0.335758	
189	1.133328	-2.794922	0.015926	0.332143	
190	1.133328	-2.794922	0.015926	0.332143	
190	1.160156	-2.788399	0.017650	0.328064	
191	1.845703	-2.554576	0.089388	0.206353	
191	1.897138	-2.531250	0.097112	0.196254	
192	1.792969	-2.577305	0.081702	0.216788	
192	1.845703	-2.554576	0.089388	0.206353	
193	1.687500	-2.620385	0.067565	0.237133	
193	1.740234	-2.599308	0.074465	0.227004	
194	1.740234	-2.599308	0.074465	0.227004	
194	1.776880	-2.583984	0.079396	0.220001	
195	1.776880	-2.583984	0.079396	0.220001	
195	1.792969	-2.577305	0.081702	0.216788	
196	2.583984	-2.119648	0.235743	0.058426	
196	2.597225	-2.109375	0.239035	0.055873	
197	2.531250	-2.159406	0.222818	0.068708	
197	2.583984	-2.119648	0.235743	0.058426	
198	2.953125	-1.785226	0.336537	-0.008997	
198	2.994466	-1.740234	0.349004	-0.015929	
199	3.005859	-1.727373	0.352431	-0.017784	
199	3.040709	-1.687500	0.363200	-0.023475	
200	2.994466	-1.740234	0.349004	-0.015929	
200	3.005859	-1.727373	0.352431	-0.017784	
201	2.597225	-2.109375	0.239035	0.055873	
201	2.636719	-2.078151	0.249035	0.048277	
202	2.636719	-2.078151	0.249035	0.048277	
202	2.663157	-2.056641	0.255828	0.043248	
203	2.689453	-2.034787	0.262686	0.038279	
203	2.725642	-2.003906	0.272272	0.031507	
204	2.663157	-2.056641	0.255828	0.043248	
204	2.689453	-2.034787	0.262686	0.038279	
205	2.725642	-2.003906	0.272272	0.031507	
205	2.742188	-1.989450	0.276706	0.028443	
206	2.742188	-1.989450	0.276706	0.028443	
206	2.784945	-1.951172	0.288358	0.020587	
207	2.794922	-1.942004	0.291099	0.018780	
207	2.841295	-1.898438	0.304080	0.010431	
208	2.784945	-1.951172	0.288358	0.020587	
208	2.794922	-1.942004	0.291099	0.018780	
209	2.841295	-1.898438	0.304080	0.010431	
209	2.847656	-1.892288	0.305870	0.009306	
210	2.847656	-1.892288	0.305870	0.009306	
210	2.894890	-1.845703	0.319433	0.000988	
211	2.900391	-1.840106	0.321016	0.000041	
211	2.945899	-1.792969	0.334411	-0.007786	
212	2.894890	-1.845703	0.319433	0.000988	
212	2.900391	-1.840106	0.321016	0.000041	
213	2.945899	-1.792969	0.334411	-0.007786	
213	2.953125	-1.785226	0.336537	-0.008997	
214	1.897138	-2.531250	0.097112	0.196254	
214	1.898438	-2.530663	0.097318	0.195989	
215	1.898438	-2.530663	0.097318	0.195989	
215	1.951172	-2.506126	0.105781	0.185344	
216	1.951172	-2.506126	0.105781	0.185344	
216	2.003906	-2.480294	0.114469	0.174821	
217	2.003906	-2.480294	0.114469	0.174821	
217	2.007434	-2.478516	0.115057	0.174123	
218	2.056641	-2.453721	0.123672	0.164085	
218	2.109375	-2.425794	0.133107	0.153484	
219	2.007434	-2.478516	0.115057	0.174123	
219	2.056641	-2.453721	0.123672	0.164085	
220	2.109375	-2.425794	0.133107	0.153484	
220	2.109398	-2.425781	0.133111	0.153480	
221	2.267578	-2.335770	0.163968	0.121330	
221	2.292775	-2.320312	0.169141	0.116280	
222	2.214844	-2.366946	0.153295	0.132044	
222	2.267578	-2.335770	0.163968	0.121330	
223	2.109398	-2.425781	0.133111	0.153480	
223	2.162109	-2.397061	0.143070	0.142702	
224	2.162109	-2.397061	0.143070	0.142702	
224	2.204201	-2.373047	0.151165	0.134232	
225	2.204201	-2.373047	0.151165	0.134232	
225	2.214844	-2.366946	0.153295	0.132044	
226	2.320312	-2.303285	0.174993	0.110674	
226	2.373047	-2.269391	0.186349	0.100107	
227	2.373047	-2.269391	0.186349	0.100107	
227	2.375800	-2.267578	0.186949	0.099560	
228	2.375800	-2.267578	0.186949	0.099560	
228	2.425781	-2.234296	0.198172	0.089520	
229	2.425781	-2.234296	0.198172	0.089520	
229	2.453946	-2.214844	0.204582	0.083948	
230	2.453946	-2.214844	0.204582	0.083948	
230	2.478516	-2.197647	0.210321	0.079056	
231	2.478516	-2.197647	0.210321	0.079056	
231	2.527576	-2.162109	0.221929	0.069431	
232	2.527576	-2.162109	0.221929	0.069431	
232	2.531250	-2.159406	0.222818	0.068708	
233	2.292775	-2.320312	0.169141	0.116280	
233	2.320312	-2.303285	0.174993	0.110674	
234	3.040709	-1.687500	0.363200	-0.023475	
234	3.058594	-1.666220	0.368700	-0.026300	
235	3.058594	-1.666220	0.368700	-0.026300	
235	3.084728	-1.634766	0.376979	-0.030452	
236	3.111328	-1.601382	0.385351	-0.034525	
236	3.126602	-1.582031	0.390316	-0.036883	
237	3.084728	-1.634766	0.376979	-0.030452	
237	3.111328	-1.601382	0.385351	-0.034525	
238	3.126602	-1.582031	0.390316	-0.036883	
238	3.164062	-1.532407	0.402402	-0.042440	
239	3.164062	-1.532407	0.402402	-0.042440	
239	3.166393	-1.529297	0.403181	-0.042790	
240	3.166393	-1.529297	0.403181	-0.042790	
240	3.204418	-1.476562	0.415766	-0.048287	
241	3.204418	-1.476562	0.415766	-0.048287	
241	3.216797	-1.458547	0.419814	-0.049997	
242	3.216797	-1.458547	0.419814	-0.049997	
242	3.240549	-1.423828	0.427901	-0.053326	
243	3.240549	-1.423828	0.427901	-0.053326	
243	3.269531	-1.379168	0.437660	-0.057192	
244	3.269531	-1.379168	0.437660	-0.057192	
244	3.274758	-1.371094	0.439497	-0.057900	
245	3.274758	-1.371094	0.439497	-0.057900	
245	3.307404	-1.318359	0.450812	-0.062136	
246	3.322266	-1.292998	0.455889	-0.063963	
246	3.338316	-1.265625	0.461646	-0.065980	
247	3.307404	-1.318359	0.450812	-0.062136	
247	3.322266	-1.292998	0.455889	-0.063963	
248	3.338316	-1.265625	0.461646	-0.065980	
248	3.367548	-1.212891	0.471999	-0.069455	
249	3.367548	-1.212891	0.471999	-0.069455	
249	3.375000	-1.198711	0.474585	-0.070293	
250	3.356241	1.107422	0.505222	-0.115422	
250	3.375000	1.072859	0.510770	-0.113418	
251	3.356241	1.107422	0.505222	-0.115422	
251	3.325797	1.160156	0.495979	-0.118907	
252	3.293854	1.212891	0.486454	-0.122685	
252	3.322266	1.165995	0.494877	-0.119334	
253	3.322266	1.165995	0.494877	-0.119334	
253	3.325797	1.160156	0.495979	-0.118907	
254	3.269531	1.250782	0.479081	-0.125737	
254	3.293854	1.212891	0.486454	-0.122685	
255	3.259970	1.265625	0.476315	-0.126910	
255	3.269531	1.250782	0.479081	-0.125737	
256	3.147174	1.423828	0.443240	-0.142129	
256	3.164062	1.401450	0.448055	-0.139778	
257	3.111328	1.469193	0.432856	-0.147355	
257	3.147174	1.423828	0.443240	-0.142129	
258	3.105441	1.476562	0.431204	-0.148206	
258	3.111328	1.469193	0.432856	-0.147355	
259	3.259970	1.265625	0.476315	-0.126910	
259	3.224288	1.318359	0.465742	-0.131538	
260	3.216797	1.328946	0.463481	-0.132557	
260	3.224288	1.318359	0.465742	-0.131538	
261	3.186771	1.371094	0.454763	-0.136580	
261	3.216797	1.328946	0.463481	-0.132557	
262	3.164062	1.401450	0.448055	-0.139778	
262	3.186771	1.371094	0.454763	-0.136580	
263	3.015419	1.582031	0.405803	-0.161976	
263	3.058594	1.532724	0.417871	-0.155274	
264	3.105441	1.476562	0.431204	-0.148206	
264	3.061552	1.529297	0.418720	-0.154813	
265	3.058594	1.532724	0.417871	-0.155274	
265	3.061552	1.529297	0.418720	-0.154813	
266	2.966819	1.634766	0.392381	-0.169776	
266	3.005859	1.592542	0.403112	-0.163510	
267	3.005859	1.592542	0.403112	-0.163510	
267	3.015419	1.582031	0.405803	-0.161976	
268	2.953125	1.649063	0.388601	-0.172038	
268	2.966819	1.634766	0.392381	-0.169776	
269	2.915617	1.687500	0.378463	-0.178252	
269	2.953125	1.649063	0.388601	-0.172038	
270	2.466934	2.056641	0.267502	-0.261366	
270	2.478516	2.048826	0.270119	-0.259050	
271	2.478516	2.048826	0.270119	-0.259050	
271	2.531250	2.012116	0.282138	-0.248661	
272	2.425781	2.084042	0.258432	-0.269543	
272	2.466934	2.056641	0.267502	-0.261366	
273	2.386177	2.109375	0.249784	-0.277568	
273	2.425781	2.084042	0.258432	-0.269543	
274	2.207013	2.214844	0.213079	-0.314332	
274	2.214844	2.210586	0.214629	-0.312683	
275	2.299795	2.162109	0.231633	-0.295174	
275	2.320312	2.149997	0.235911	-0.290928	
276	2.267578	2.180984	0.225140	-0.301739	
276	2.299795	2.162109	0.231633	-0.295174	
277	2.214844	2.210586	0.214629	-0.312683	
277	2.267578	2.180984	0.225140	-0.301739	
278	2.109375	2.266313	0.194633	-0.334673	
278	2.162109	2.239150	0.204528	-0.323591	
279	2.162109	2.239150	0.204528	-0.323591	
279	2.207013	2.214844	0.213079	-0.314332	
280	2.320312	2.149997	0.235911	-0.290928	
280	2.373047	2.117682	0.246998	-0.280202	
281	2.373047	2.117682	0.246998	-0.280202	
281	2.386177	2.109375	0.249784	-0.277568	
282	2.106841	2.267578	0.194160	-0.335213	
282	2.109375	2.266313	0.194633	-0.334673	
283	2.056641	2.292621	0.185195	-0.345635	
283	2.106841	2.267578	0.194160	-0.335213	
284	2.003906	2.317582	0.175951	-0.356769	
284	2.056641	2.292621	0.185195	-0.345635	
285	1.997939	2.320312	0.174912	-0.358047	
285	2.003906	2.317582	0.175951	-0.356769	
286	1.898438	2.364718	0.158597	-0.378855	
286	1.951172	2.341753	0.167158	-0.367756	
287	1.951172	2.341753	0.167158	-0.367756	
287	1.997939	2.320312	0.174912	-0.358047	
288	1.746123	2.425781	0.135763	-0.410674	
288	1.792969	2.407967	0.142561	-0.400832	
289	1.878505	2.373047	0.155400	-0.383107	
289	1.898438	2.364718	0.158597	-0.378855	
290	1.845703	2.386822	0.150418	-0.389858	
290	1.878505	2.373047	0.155400	-0.383107	
291	1.792969	2.407967	0.142561	-0.400832	
291	1.845703	2.386822	0.150418	-0.389858	
292	1.687500	2.447510	0.127817	-0.422625	
292	1.740234	2.428038	0.134958	-0.411861	
293	1.740234	2.428038	0.134958	-0.411861	
293	1.746123	2.425781	0.135763	-0.410674	
294	2.689453	1.891722	0.319957	-0.218429	
294	2.742188	1.847785	0.333133	-0.208714	
295	2.681168	1.898438	0.317911	-0.219974	
295	2.689453	1.891722	0.319957	-0.218429	
296	2.804731	1.792969	0.349149	-0.197439	
296	2.847656	1.753429	0.360342	-0.189895	
297	2.861652	1.740234	0.364052	-0.187455	
297	2.900391	1.702604	0.374343	-0.180839	
298	2.900391	1.702604	0.374343	-0.180839	
298	2.915617	1.687500	0.378463	-0.178252	
299	2.847656	1.753429	0.360342	-0.189895	
299	2.861652	1.740234	0.364052	-0.187455	
300	2.744631	1.845703	0.333752	-0.208268	
300	2.794922	1.801761	0.346605	-0.199191	
301	2.794922	1.801761	0.346605	-0.199191	
301	2.804731	1.792969	0.349149	-0.197439	
302	2.742188	1.847785	0.333133	-0.208714	
302	2.744631	1.845703	0.333752	-0.208268	
303	2.613988	1.951172	0.301590	-0.232662	
303	2.636719	1.933699	0.307075	-0.228326	
304	2.583984	1.973802	0.294471	-0.238403	
304	2.613988	1.951172	0.301590	-0.232662	
305	2.542698	2.003906	0.284772	-0.246436	
305	2.583984	1.973802	0.294471	-0.238403	
306	2.636719	1.933699	0.307075	-0.228326	
306	2.681168	1.898438	0.317911	-0.219974	
307	2.531250	2.012116	0.282138	-0.248661	
307	2.542698	2.003906	0.284772	-0.246436	
308	1.596799	2.478516	0.116082	-0.441279	
308	1.634766	2.465925	0.120915	-0.433442	
309	1.634766	2.465925	0.120915	-0.433442	
309	1.687500	2.447510	0.127817	-0.422625	
310	1.582031	2.483471	0.114325	-0.444186	
310	1.596799	2.478516	0.116082	-0.441279	
311	1.529297	2.500406	0.108151	-0.454666	
311	1.582031	2.483471	0.114325	-0.444186	
312	1.476562	2.516391	0.102232	-0.465134	
312	1.529297	2.500406	0.108151	-0.454666	
313	1.424582	2.531250	0.096654	-0.475424	
313	1.476562	2.516391	0.102232	-0.465134	
314	0.948810	2.636719	0.060073	-0.559377	
314	0.949219	2.636654	0.060096	-0.559311	
315	1.001953	2.627762	0.063033	-0.550875	
315	1.054688	2.618181	0.066230	-0.542207	
316	0.949219	2.636654	0.060096	-0.559311	
316	1.001953	2.627762	0.063033	-0.550875	
317	0.843750	2.653034	0.055143	-0.574870	
317	0.896484	2.645175	0.057500	-0.567225	
318	0.896484	2.645175	0.057500	-0.567225	
318	0.948810	2.636719	0.060073	-0.559377	
319	1.107422	2.607891	0.069689	-0.533328	
319	1.160156	2.596865	0.073409	-0.524262	
320	1.054688	2.618181	0.066230	-0.542207	
320	1.107422	2.607891	0.069689	-0.533328	
321	1.217542	2.583984	0.077748	-0.514224	
321	1.265625	2.572880	0.081775	-0.505348	
322	1.212891	2.585080	0.077392	-0.515030	
322	1.217542	2.583984	0.077748	-0.514224	
323	1.160156	2.596865	0.073409	-0.524262	
323	1.212891	2.585080	0.077392	-0.515030	
324	1.265625	2.572880	0.081775	-0.505348	
324	1.318359	2.559916	0.086444	-0.495514	
325	1.318359	2.559916	0.086444	-0.495514	
325	1.371094	2.546122	0.091380	-0.485579	
326	1.371094	2.546122	0.091380	-0.485579	
326	1.423828	2.531469	0.096579	-0.475565	
327	1.423828	2.531469	0.096579	-0.475565	
327	1.424582	2.531250	0.096654	-0.475424	
328	0.158203	2.702180	0.042253	-0.641199	
328	0.210938	2.701659	0.042410	-0.638618	
329	0.105469	2.702171	0.042163	-0.643331	
329	0.158203	2.702180	0.042253	-0.641199	
330	0.052734	2.701633	0.042123	-0.645007	
330	0.105469	2.702171	0.042163	-0.643331	
331	0.000000	2.700569	0.042116	-0.646227	
331	0.052734	2.701633	0.042123	-0.645007	
332	0.369141	2.696877	0.043437	-0.628241	
332	0.421875	2.694192	0.044017	-0.623933	
333	0.316406	2.699012	0.042986	-0.632131	
333	0.369141	2.696877	0.043437	-0.628241	
334	0.263672	2.700604	0.042648	-0.635593	
334	0.316406	2.699012	0.042986	-0.632131	
335	0.210938	2.701659	0.042410	-0.638618	
335	0.263672	2.700604	0.042648	-0.635593	
336	0.527344	2.687222	0.045633	-0.614033	
336	0.580078	2.682993	0.046712	-0.608397	
337	0.580078	2.682993	0.046712	-0.608397	
337	0.632812	2.678194	0.047979	-0.602381	
338	0.495365	2.689453	0.045056	-0.617319	
338	0.527344	2.687222	0.045633	-0.614033	
339	0.474609	2.690949	0.044740	-0.619220	
339	0.495365	2.689453	0.045056	-0.617319	
340	0.421875	2.694192	0.044017	-0.623933	
340	0.474609	2.690949	0.044740	-0.619220	
341	0.738281	2.666837	0.051124	-0.589278	
341	0.791016	2.660249	0.053020	-0.582228	
342	0.791016	2.660249	0.053020	-0.582228	
342	0.843750	2.653034	0.055143	-0.574870	
343	0.632812	2.678194	0.047979	-0.602381	
343	0.685547	2.672813	0.049446	-0.596002	
344	0.685547	2.672813	0.049446	-0.596002	
344	0.738281	2.666837	0.051124	-0.589278	
345	3.664016	0.000000	0.593672	-0.093064	
345	3.662072	0.052734	0.593833	-0.093055	
346	3.662072	0.052734	0.593833	-0.093055	
346	3.658925	0.105469	0.593560	-0.093068	
347	3.658925	0.105469	0.593560	-0.093068	
347	3.654567	0.158203	0.592844	-0.093116	
348	3.654567	0.158203	0.592844	-0.093116	
348	3.648982	0.210938	0.591676	-0.093212	
349	3.648982	0.210938	0.591676	-0.093212	
349	3.642153	0.263672	0.590047	-0.093371	
350	3.638672	0.286436	0.589055	-0.093480	
350	3.642153	0.263672	0.590047	-0.093371	
351	3.634186	0.316406	0.588067	-0.093595	
351	3.638672	0.286436	0.589055	-0.093480	
352	3.634186	0.316406	0.588067	-0.093595	
352	3.625057	0.369141	0.585723	-0.093894	
353	3.625057	0.369141	0.585723	-0.093894	
353	3.614639	0.421875	0.582900	-0.094296	
354	3.575578	0.580078	0.571615	-0.096261	
354	3.585938	0.541495	0.574504	-0.095709	
355	3.575578	0.580078	0.571615	-0.096261	
355	3.560047	0.632812	0.567055	-0.097192	
356	3.614639	0.421875	0.582900	-0.094296	
356	3.602898	0.474609	0.579576	-0.094819	
357	3.602898	0.474609	0.579576	-0.094819	
357	3.589796	0.527344	0.575730	-0.095485	
358	3.585938	0.541495	0.574504	-0.095709	
358	3.589796	0.527344	0.575730	-0.095485	
359	3.560047	0.632812	0.567055	-0.097192	
359	3.543047	0.685547	0.561922	-0.098321	
360	3.533203	0.713766	0.558812	-0.099045	
360	3.543047	0.685547	0.561922	-0.098321	
361	3.524750	0.738281	0.556401	-0.099625	
361	3.533203	0.713766	0.558812	-0.099045	
362	3.524750	0.738281	0.556401	-0.099625	
362	3.505158	0.791016	0.550515	-0.101112	
363	3.505158	0.791016	0.550515	-0.101112	
363	3.483949	0.843750	0.543987	-0.102869	
364	3.461537	0.896484	0.537232	-0.104803	
364	3.480469	0.851887	0.542866	-0.103182	
365	3.461537	0.896484	0.537232	-0.104803	
365	3.437479	0.949219	0.529868	-0.107038	
366	3.480469	0.851887	0.542866	-0.103182	
366	3.483949	0.843750	0.543987	-0.102869	
367	3.411996	1.001953	0.522133	-0.109523	
367	3.427734	0.969327	0.526783	-0.108013	
368	3.427734	0.969327	0.526783	-0.108013	
368	3.437479	0.949219	0.529868	-0.107038	
369	3.411996	1.001953	0.522133	-0.109523	
369	3.384878	1.054688	0.513869	-0.112327	
370	3.375000	1.072859	0.510770	-0.113418	
370	3.384878	1.054688	0.513869	-0.112327	
371	-3.621701	0.000000	-0.551361	-0.145492	
371	-3.617077	0.052734	-0.548852	-0.145590	
372	-3.617077	0.052734	-0.548852	-0.145590	
372	-3.611241	0.105469	-0.545904	-0.145749	
373	-3.611241	0.105469	-0.545904	-0.145749	
373	-3.604175	0.158203	-0.542507	-0.145982	
374	-3.604175	0.158203	-0.542507	-0.145982	
374	-3.595859	0.210938	-0.538646	-0.146305	
375	-3.585938	0.265285	-0.534151	-0.146750	
375	-3.575668	0.316406	-0.529764	-0.147250	
376	-3.575668	0.316406	-0.529764	-0.147250	
376	-3.563774	0.369141	-0.524744	-0.147895	
377	-3.563774	0.369141	-0.524744	-0.147895	
377	-3.550540	0.421875	-0.519217	-0.148688	
378	-3.595859	0.210938	-0.538646	-0.146305	
378	-3.586268	0.263672	-0.534308	-0.146733	
379	-3.586268	0.263672	-0.534308	-0.146733	
379	-3.585938	0.265285	-0.534151	-0.146750	
380	-3.550540	0.421875	-0.519217	-0.148688	
380	-3.535926	0.474609	-0.513160	-0.149653	
381	-3.533203	0.483652	-0.511994	-0.149849	
381	-3.520248	0.527344	-0.506897	-0.150747	
382	-3.535926	0.474609	-0.513160	-0.149653	
382	-3.533203	0.483652	-0.511994	-0.149849	
383	-3.520248	0.527344	-0.506897	-0.150747	
383	-3.503201	0.580078	-0.500150	-0.152032	
384	-3.503201	0.580078	-0.500150	-0.152032	
384	-3.484660	0.632812	-0.492819	-0.153546	
385	-3.484660	0.632812	-0.492819	-0.153546	
385	-3.480469	0.643945	-0.491116	-0.153914	
386	-3.480469	0.643945	-0.491116	-0.153914	
386	-3.464984	0.685547	-0.485270	-0.155227	
387	-3.464984	0.685547	-0.485270	-0.155227	
387	-3.443834	0.738281	-0.477205	-0.157156	
388	-3.443834	0.738281	-0.477205	-0.157156	
388	-3.427734	0.775705	-0.470999	-0.158730	
389	-3.427734	0.775705	-0.470999	-0.158730	
389	-3.421205	0.791016	-0.468645	-0.159347	
390	-3.421205	0.791016	-0.468645	-0.159347	
390	-3.397297	0.843750	-0.459809	-0.161761	
391	-3.397297	0.843750	-0.459809	-0.161761	
391	-3.375000	0.889657	-0.451505	-0.164166	
392	-3.375000	0.889657	-0.451505	-0.164166	
392	-3.371703	0.896484	-0.450349	-0.164511	
393	-3.371703	0.896484	-0.450349	-0.164511	
393	-3.344843	0.949219	-0.440686	-0.167492	
394	-3.344843	0.949219	-0.440686	-0.167492	
394	-3.322266	0.990788	-0.432485	-0.170157	
395	-3.322266	0.990788	-0.432485	-0.170157	
395	-3.316219	1.001953	-0.430403	-0.170853	
396	-3.316219	1.001953	-0.430403	-0.170853	
396	-3.286162	1.054688	-0.419841	-0.174504	
397	-3.164062	1.243733	-0.378108	-0.190857	
397	-3.148625	1.265625	-0.373086	-0.193030	
398	-3.286162	1.054688	-0.419841	-0.174504	
398	-3.269531	1.082286	-0.413924	-0.176636	
399	-3.269531	1.082286	-0.413924	-0.176636	
399	-3.254382	1.107422	-0.408783	-0.178539	
400	-3.254382	1.107422	-0.408783	-0.178539	
400	-3.220829	1.160156	-0.397237	-0.182982	
401	-3.220829	1.160156	-0.397237	-0.182982	
401	-3.216797	1.166226	-0.395831	-0.183539	
402	-3.216797	1.166226	-0.395831	-0.183539	
402	-3.185699	1.212891	-0.385425	-0.187770	
403	-3.185699	1.212891	-0.385425	-0.187770	
403	-3.164062	1.243733	-0.378108	-0.190857	
404	-2.953125	1.507335	-0.311210	-0.223464	
404	-2.933207	1.529297	-0.305257	-0.226755	
405	-2.900391	1.564229	-0.295435	-0.232331	
405	-2.883387	1.582031	-0.290466	-0.235220	
406	-2.933207	1.529297	-0.305257	-0.226755	
406	-2.900391	1.564229	-0.295435	-0.232331	
407	-2.847656	1.618241	-0.280034	-0.241440	
407	-2.831043	1.634766	-0.275288	-0.244339	
408	-2.794922	1.669631	-0.265008	-0.250771	
408	-2.776020	1.687500	-0.259734	-0.254153	
409	-2.831043	1.634766	-0.275288	-0.244339	
409	-2.794922	1.669631	-0.265008	-0.250771	
410	-2.883387	1.582031	-0.290466	-0.235220	
410	-2.847656	1.618241	-0.280034	-0.241440	
411	-3.148625	1.265625	-0.373086	-0.193030	
411	-3.111328	1.316014	-0.360821	-0.198524	
412	-3.111328	1.316014	-0.360821	-0.198524	
412	-3.109580	1.318359	-0.360266	-0.198779	
413	-3.109580	1.318359	-0.360266	-0.198779	
413	-3.068723	1.371094	-0.347165	-0.204952	
414	-3.058594	1.383630	-0.343895	-0.206540	
414	-3.025776	1.423828	-0.333626	-0.211650	
415	-3.005859	1.447256	-0.327361	-0.214860	
415	-2.980634	1.476562	-0.319650	-0.218909	
416	-3.025776	1.423828	-0.333626	-0.211650	
416	-3.005859	1.447256	-0.327361	-0.214860	
417	-3.068723	1.371094	-0.347165	-0.204952	
417	-3.058594	1.383630	-0.343895	-0.206540	
418	-2.980634	1.476562	-0.319650	-0.218909	
418	-2.953125	1.507335	-0.311210	-0.223464	
419	-1.212891	2.526516	0.012459	-0.552961	
419	-1.194985	2.531250	0.013801	-0.555870	
420	-1.265625	2.511903	0.008372	-0.544392	
420	-1.212891	2.526516	0.012459	-0.552961	
421	-1.318359	2.496457	0.004016	-0.535678	
421	-1.265625	2.511903	0.008372	-0.544392	
422	-1.371094	2.480149	-0.000605	-0.526841	
422	-1.318359	2.496457	0.004016	-0.535678	
423	-1.476562	2.445834	-0.011071	-0.508113	
423	-1.423828	2.463426	-0.005692	-0.517534	
424	-1.423828	2.463426	-0.005692	-0.517534	
424	-1.376174	2.478516	-0.001058	-0.525996	
425	-1.376174	2.478516	-0.001058	-0.525996	
425	-1.371094	2.480149	-0.000605	-0.526841	
426	-1.687500	2.367406	-0.036027	-0.468772	
426	-1.673164	2.373047	-0.034099	-0.471597	
427	-1.634766	2.388291	-0.029275	-0.478808	
427	-1.582031	2.408278	-0.022854	-0.488741	
428	-1.673164	2.373047	-0.034099	-0.471597	
428	-1.634766	2.388291	-0.029275	-0.478808	
429	-1.582031	2.408278	-0.022854	-0.488741	
429	-1.533431	2.425781	-0.017163	-0.497898	
430	-1.533431	2.425781	-0.017163	-0.497898	
430	-1.529297	2.427287	-0.016714	-0.498635	
431	-1.529297	2.427287	-0.016714	-0.498635	
431	-1.476562	2.445834	-0.011071	-0.508113	
432	-0.791016	2.621358	0.034175	-0.609442	
432	-0.738281	2.630378	0.035765	-0.615005	
433	-0.843750	2.611699	0.032370	-0.603547	
433	-0.791016	2.621358	0.034175	-0.609442	
434	-0.738281	2.630378	0.035765	-0.615005	
434	-0.698560	2.636719	0.036836	-0.619005	
435	-0.698560	2.636719	0.036836	-0.619005	
435	-0.685547	2.638854	0.037130	-0.620146	
436	-0.685547	2.638854	0.037130	-0.620146	
436	-0.632812	2.646942	0.038252	-0.624713	
437	-0.527344	2.661318	0.039989	-0.632707	
437	-0.474609	2.667635	0.040628	-0.636104	
438	-0.474609	2.667635	0.040628	-0.636104	
438	-0.421875	2.673388	0.041131	-0.639083	
439	-0.632812	2.646942	0.038252	-0.624713	
439	-0.580078	2.654425	0.039201	-0.628905	
440	-0.580078	2.654425	0.039201	-0.628905	
440	-0.527344	2.661318	0.039989	-0.632707	
441	-0.316406	2.683243	0.041786	-0.643735	
441	-0.263672	2.687363	0.041970	-0.645388	
442	-0.263672	2.687363	0.041970	-0.645388	
442	-0.233040	2.689453	0.042047	-0.646198	
443	-0.233040	2.689453	0.042047	-0.646198	
443	-0.210938	2.691013	0.042075	-0.646524	
444	-0.421875	2.673388	0.041131	-0.639083	
444	-0.369141	2.678587	0.041512	-0.641630	
445	-0.369141	2.678587	0.041512	-0.641630	
445	-0.316406	2.683243	0.041786	-0.643735	
446	-0.052734	2.698976	0.042124	-0.646987	
446	0.000000	2.700569	0.042116	-0.646227	
447	-0.105469	2.696855	0.042131	-0.647289	
447	-0.052734	2.698976	0.042124	-0.646987	
448	-0.158203	2.694202	0.042120	-0.647133	
448	-0.105469	2.696855	0.042131	-0.647289	
449	-0.210938	2.691013	0.042075	-0.646524	
449	-0.158203	2.694202	0.042120	-0.647133	
450	-1.194985	2.531250	0.013801	-0.555870	
450	-1.160156	2.540638	0.016159	-0.561104	
451	-1.160156	2.540638	0.016159	-0.561104	
451	-1.107422	2.554134	0.019542	-0.568926	
452	-1.107422	2.554134	0.019542	-0.568926	
452	-1.054688	2.566870	0.022668	-0.576536	
453	-1.054688	2.566870	0.022668	-0.576536	
453	-1.001953	2.578874	0.025539	-0.583914	
454	-1.001953	2.578874	0.025539	-0.583914	
454	-0.978246	2.583984	0.026764	-0.587196	
455	-0.978246	2.583984	0.026764	-0.587196	
455	-0.949219	2.590389	0.028087	-0.590842	
456	-0.896484	2.601383	0.030343	-0.597341	
456	-0.843750	2.611699	0.032370	-0.603547	
457	-0.949219	2.590389	0.028087	-0.590842	
457	-0.896484	2.601383	0.030343	-0.597341	
458	-2.776020	1.687500	-0.259734	-0.254153	
458	-2.742188	1.718616	-0.250356	-0.260306	
459	-2.742188	1.718616	-0.250356	-0.260306	
459	-2.718135	1.740234	-0.243809	-0.264710	
460	-2.689453	1.765377	-0.236077	-0.270027	
460	-2.657176	1.792969	-0.227519	-0.276062	
461	-2.718135	1.740234	-0.243809	-0.264710	
461	-2.689453	1.765377	-0.236077	-0.270027	
462	-2.636719	1.810066	-0.222166	-0.279921	
462	-2.592897	1.845703	-0.210875	-0.288270	
463	-2.583984	1.852807	-0.208615	-0.289976	
463	-2.531250	1.893763	-0.195446	-0.300164	
464	-2.592897	1.845703	-0.210875	-0.288270	
464	-2.583984	1.852807	-0.208615	-0.289976	
465	-2.657176	1.792969	-0.227519	-0.276062	
465	-2.636719	1.810066	-0.222166	-0.279921	
466	-2.531250	1.893763	-0.195446	-0.300164	
466	-2.525075	1.898438	-0.193925	-0.301368	
467	-2.214844	2.107089	-0.124349	-0.363243	
467	-2.210972	2.109375	-0.123553	-0.364037	
468	-2.320312	2.041699	-0.146577	-0.341911	
468	-2.296840	2.056641	-0.141467	-0.346672	
469	-2.267578	2.075098	-0.135302	-0.352528	
469	-2.214844	2.107089	-0.124349	-0.363243	
470	-2.296840	2.056641	-0.141467	-0.346672	
470	-2.267578	2.075098	-0.135302	-0.352528	
471	-2.525075	1.898438	-0.193925	-0.301368	
471	-2.478516	1.933096	-0.182685	-0.310444	
472	-2.478516	1.933096	-0.182685	-0.310444	
472	-2.453417	1.951172	-0.176705	-0.315406	
473	-2.453417	1.951172	-0.176705	-0.315406	
473	-2.425781	1.970787	-0.170276	-0.320847	
474	-2.425781	1.970787	-0.170276	-0.320847	
474	-2.377446	2.003906	-0.159184	-0.330503	
475	-2.377446	2.003906	-0.159184	-0.330503	
475	-2.373047	2.006884	-0.158202	-0.331375	
476	-2.373047	2.006884	-0.158202	-0.331375	
476	-2.320312	2.041699	-0.146577	-0.341911	
477	-2.056641	2.196240	-0.093957	-0.395281	
477	-2.020820	2.214844	-0.087461	-0.402622	
478	-2.109375	2.167630	-0.103687	-0.384627	
478	-2.056641	2.196240	-0.093957	-0.395281	
479	-2.003906	2.223621	-0.084536	-0.405991	
479	-1.951172	2.250063	-0.075547	-0.416600	
480	-1.951172	2.250063	-0.075547	-0.416600	
480	-1.914654	2.267578	-0.069444	-0.424038	
481	-1.914654	2.267578	-0.069444	-0.424038	
481	-1.898438	2.275373	-0.066875	-0.427229	
482	-2.020820	2.214844	-0.087461	-0.402622	
482	-2.003906	2.223621	-0.084536	-0.405991	
483	-1.845703	2.299850	-0.058646	-0.437703	
483	-1.799407	2.320312	-0.051611	-0.446987	
484	-1.898438	2.275373	-0.066875	-0.427229	
484	-1.845703	2.299850	-0.058646	-0.437703	
485	-1.799407	2.320312	-0.051611	-0.446987	
485	-1.792969	2.323173	-0.050689	-0.448227	
486	-1.792969	2.323173	-0.050689	-0.448227	
486	-1.740234	2.345860	-0.043235	-0.458472	
487	-1.740234	2.345860	-0.043235	-0.458472	
487	-1.687500	2.367406	-0.036027	-0.468772	
488	-2.210972	2.109375	-0.123553	-0.364037	
488	-2.162109	2.138053	-0.113879	-0.373877	
489	-2.162109	2.138053	-0.113879	-0.373877	
489	-2.119249	2.162109	-0.105531	-0.382652	
490	-2.119249	2.162109	-0.105531	-0.382652	
490	-2.109375	2.167630	-0.103687	-0.384627	
